{
  "mbfl.json": {
    "dstar": 14.022727272727273,
    "ochiai": 2.340909090909091,
    "gp13": 2.3636363636363638,
    "op2": 2.2954545454545454,
    "jaccard": 2.340909090909091,
    "russell": 4.5,
    "turantula": 2.5681818181818183,
    "naish1": 3.9545454545454546,
    "binary": 42.43181818181818,
    "crosstab": 25.09090909090909
  },
  "sbfl.json": {
    "dstar": 3.659090909090909,
    "ochiai": 3.7954545454545454,
    "gp13": 3.659090909090909,
    "op2": 3.659090909090909,
    "jaccard": 3.772727272727273,
    "russell": 6.795454545454546,
    "turantula": 4.2272727272727275,
    "naish1": 21.431818181818183,
    "binary": 57.04545454545455,
    "crosstab": 9.886363636363637
  }
}