{
  "mbfl.json": {
    "dstar": 6.68,
    "ochiai": 2.6666666666666665,
    "gp13": 2.68,
    "op2": 2.6266666666666665,
    "jaccard": 2.6666666666666665,
    "russell": 4.84,
    "turantula": 2.68,
    "naish1": 6.88,
    "binary": 17.346666666666668,
    "crosstab": 10.653333333333334
  },
  "sbfl.json": {
    "dstar": 3.6933333333333334,
    "ochiai": 3.68,
    "gp13": 3.7333333333333334,
    "op2": 3.7333333333333334,
    "jaccard": 3.6666666666666665,
    "russell": 7.36,
    "turantula": 3.7066666666666666,
    "naish1": 9.16,
    "binary": 24.8,
    "crosstab": 9.253333333333334
  }
}