{
  "mbfl.json": {
    "dstar": 10.272727272727273,
    "ochiai": 3.9545454545454546,
    "gp13": 3.772727272727273,
    "op2": 3.3636363636363638,
    "jaccard": 3.9545454545454546,
    "russell": 8.272727272727273,
    "turantula": 3.9545454545454546,
    "naish1": 7.954545454545454,
    "binary": 43.13636363636363,
    "crosstab": 21.681818181818183
  },
  "sbfl.json": {
    "dstar": 6.636363636363637,
    "ochiai": 6.2272727272727275,
    "gp13": 7.363636363636363,
    "op2": 7.363636363636363,
    "jaccard": 5.7272727272727275,
    "russell": 15.227272727272727,
    "turantula": 5.681818181818182,
    "naish1": 44.27272727272727,
    "binary": 74.4090909090909,
    "crosstab": 17.181818181818183
  }
}