{
  "kill_rfModel.json": {
    "accuracy": 0.9983993864119919,
    "precision": 0.5489951135661779,
    "recall": 0.3299647762927728,
    "f1": 0.4030947176538898,
    "auc": 0.664737311092453,
    "prediction_error": 0.0016006135880080648
  }
}