{
  "kill_rfModel.json": {
    "accuracy": 0.9908372652998936,
    "precision": 0.6449206398160824,
    "recall": 0.3622610709037582,
    "f1": 0.44657877546853775,
    "auc": 0.6802018266991915,
    "prediction_error": 0.009162734700106473
  }
}