{
  "kill_rfModel.json": {
    "accuracy": 0.9982946248831448,
    "precision": 0.6535211780486225,
    "recall": 0.4623105178589037,
    "f1": 0.5299820400978507,
    "auc": 0.7308796643287027,
    "prediction_error": 0.0017053751168553033
  }
}