{
  "kill_rfModel.json": {
    "accuracy": 0.998462533165896,
    "precision": 0.7188550060296274,
    "recall": 0.5912778138664281,
    "f1": 0.6370840365188657,
    "auc": 0.7953448658649074,
    "prediction_error": 0.0015374668341045247
  }
}