{
  "kill_rfModel.json": {
    "accuracy": 0.9960074503611025,
    "precision": 0.6573538673771763,
    "recall": 0.3712510850912194,
    "f1": 0.46521742649643744,
    "auc": 0.685181051064919,
    "prediction_error": 0.0039925496388978484
  }
}