{
  "mbfl.json": {
    "dstar": 11.025641025641026,
    "ochiai": 1.5897435897435896,
    "gp13": 1.5897435897435896,
    "op2": 1.5128205128205128,
    "jaccard": 1.5897435897435896,
    "russell": 3.1538461538461537,
    "turantula": 1.8461538461538463,
    "naish1": 2.358974358974359,
    "binary": 34.53846153846154,
    "crosstab": 20.974358974358974
  },
  "sbfl.json": {
    "dstar": 2.5641025641025643,
    "ochiai": 2.717948717948718,
    "gp13": 2.5384615384615383,
    "op2": 2.5384615384615383,
    "jaccard": 2.6666666666666665,
    "russell": 5.512820512820513,
    "turantula": 3.128205128205128,
    "naish1": 18.58974358974359,
    "binary": 48.0,
    "crosstab": 8.0
  },
  "hmer.json": {
    "dstar": 0.0,
    "ochiai": 0.05128205128205128,
    "gp13": 0.0,
    "op2": 0.0,
    "jaccard": 0.10256410256410256,
    "russell": 0.05128205128205128,
    "turantula": 0.10256410256410256,
    "naish1": 0.0,
    "binary": 0.28205128205128205,
    "crosstab": 0.1794871794871795,
    "dstar2": 0.0
  }
}