{
  "selective.json": {
    "dstar": 6.590909090909091,
    "ochiai": 4.409090909090909,
    "gp13": 4.090909090909091,
    "op2": 3.3636363636363638,
    "jaccard": 4.409090909090909,
    "russell": 6.7727272727272725,
    "turantula": 4.409090909090909,
    "naish1": 5.5,
    "binary": 30.181818181818183,
    "crosstab": 15.909090909090908,
    "dstar2": 6.590909090909091
  },
  "hmer.json": {
    "dstar": 2.1363636363636362,
    "ochiai": 1.3636363636363635,
    "gp13": 1.3636363636363635,
    "op2": 1.2727272727272727,
    "jaccard": 1.3636363636363635,
    "russell": 3.3636363636363638,
    "turantula": 1.3636363636363635,
    "naish1": 1.3636363636363635,
    "binary": 4.0,
    "crosstab": 4.318181818181818,
    "dstar2": 2.1363636363636362
  }
}