{
  "pred_MAR_randomForestModel.json": {
    "dstar": 8.50980392156863,
    "ochiai": 8.431372549019608,
    "gp13": 8.745098039215687,
    "op2": 8.058823529411764,
    "jaccard": 8.431372549019608,
    "russell": 9.215686274509803,
    "turantula": 8.431372549019606,
    "naish1": 15.382352941176471,
    "binary": 24.568627450980394,
    "crosstab": 16.55882352941176,
    "dstar2": 8.470588235294118
  }
}