{
  "pred_MAR_randomForestModel.json": {
    "dstar": 10.406666666666668,
    "ochiai": 10.393333333333333,
    "gp13": 10.56,
    "op2": 8.84,
    "jaccard": 10.166666666666668,
    "russell": 13.833333333333332,
    "turantula": 10.166666666666668,
    "naish1": 15.8,
    "binary": 30.926666666666666,
    "crosstab": 20.54666666666667,
    "dstar2": 10.38
  }
}