{
  "pred_MAR_randomForestModel.json": {
    "dstar": 6.923076923076923,
    "ochiai": 7.064102564102564,
    "gp13": 6.961538461538462,
    "op2": 5.961538461538462,
    "jaccard": 7.076923076923077,
    "russell": 8.0,
    "turantula": 7.230769230769231,
    "naish1": 9.051282051282051,
    "binary": 36.01282051282051,
    "crosstab": 23.974358974358974,
    "dstar2": 7.0
  }
}