{
  "pred_MAR_randomForestModel.json": {
    "dstar": 6.968949771689498,
    "ochiai": 6.982648401826484,
    "gp13": 6.982648401826484,
    "op2": 5.621917808219178,
    "jaccard": 7.023744292237443,
    "russell": 8.689954337899541,
    "turantula": 7.0730593607305945,
    "naish1": 10.76027397260274,
    "binary": 17.315068493150687,
    "crosstab": 10.037671232876713,
    "dstar2": 6.982648401826484
  }
}