{
  "pred_MAR_randomForestModel.json": {
    "dstar": 20.20340909090909,
    "ochiai": 20.135227272727274,
    "gp13": 20.231818181818184,
    "op2": 16.456818181818182,
    "jaccard": 20.26590909090909,
    "russell": 21.772727272727273,
    "turantula": 20.135227272727274,
    "naish1": 32.15909090909091,
    "binary": 43.0,
    "crosstab": 24.92840909090909,
    "dstar2": 20.214772727272727
  }
}