{
  "pred_MAR_randomForestModel.json": {
    "dstar": 7.166666666666666,
    "ochiai": 7.107843137254902,
    "gp13": 7.4411764705882355,
    "op2": 6.852941176470588,
    "jaccard": 7.107843137254902,
    "russell": 8.147058823529411,
    "turantula": 7.176470588235294,
    "naish1": 14.117647058823529,
    "binary": 24.07843137254902,
    "crosstab": 16.235294117647058,
    "dstar2": 7.166666666666666
  }
}