{
  "pred_MAR_randomForestModel.json": {
    "dstar": 6.166666666666666,
    "ochiai": 6.086666666666666,
    "gp13": 6.326666666666666,
    "op2": 5.506666666666666,
    "jaccard": 6.1066666666666665,
    "russell": 12.073333333333332,
    "turantula": 6.026666666666666,
    "naish1": 7.7266666666666675,
    "binary": 30.866666666666664,
    "crosstab": 18.986666666666668,
    "dstar2": 6.08
  }
}