{
  "pred_MAR_randomForestModel.json": {
    "dstar": 14.004545454545456,
    "ochiai": 13.74659090909091,
    "gp13": 13.748863636363637,
    "op2": 12.019318181818182,
    "jaccard": 13.740909090909092,
    "russell": 17.379545454545454,
    "turantula": 13.65,
    "naish1": 19.3125,
    "binary": 42.59090909090909,
    "crosstab": 24.335227272727273,
    "dstar2": 13.803409090909092
  }
}