{
  "pred_MFR_randomForestModel.json": {
    "dstar": 6.235294117647059,
    "ochiai": 6.176470588235294,
    "gp13": 6.470588235294118,
    "op2": 6.0,
    "jaccard": 6.176470588235294,
    "russell": 7.0588235294117645,
    "turantula": 6.294117647058823,
    "naish1": 14.705882352941176,
    "binary": 24.294117647058822,
    "crosstab": 15.411764705882353,
    "dstar2": 6.235294117647059
  }
}