{
  "pred_MFR_randomForestModel.json": {
    "dstar": 1.7179487179487178,
    "ochiai": 1.7179487179487178,
    "gp13": 1.7179487179487178,
    "op2": 1.641025641025641,
    "jaccard": 1.7179487179487178,
    "russell": 2.923076923076923,
    "turantula": 1.8974358974358974,
    "naish1": 2.5128205128205128,
    "binary": 34.56410256410256,
    "crosstab": 22.256410256410255,
    "dstar2": 1.7179487179487178
  }
}