{
  "pred_MFR_randomForestModel.json": {
    "dstar": 2.712328767123288,
    "ochiai": 2.6986301369863015,
    "gp13": 2.712328767123288,
    "op2": 2.643835616438356,
    "jaccard": 2.712328767123288,
    "russell": 4.876712328767123,
    "turantula": 2.73972602739726,
    "naish1": 7.493150684931507,
    "binary": 17.561643835616437,
    "crosstab": 9.150684931506849,
    "dstar2": 2.712328767123288
  }
}