{
  "pred_MFR_randomForestModel.json": {
    "dstar": 9.909090909090908,
    "ochiai": 9.909090909090908,
    "gp13": 9.909090909090908,
    "op2": 9.454545454545455,
    "jaccard": 9.909090909090908,
    "russell": 13.181818181818182,
    "turantula": 9.954545454545455,
    "naish1": 22.681818181818183,
    "binary": 42.63636363636363,
    "crosstab": 21.772727272727273,
    "dstar2": 9.863636363636363
  }
}