{
  "mbfl.json": {
    "dstar": 6.706666666666667,
    "ochiai": 6.133333333333334,
    "gp13": 6.12,
    "op2": 5.48,
    "jaccard": 6.093333333333334,
    "russell": 12.173333333333332,
    "turantula": 6.093333333333334,
    "naish1": 6.26,
    "binary": 31.2,
    "crosstab": 22.233333333333334
  },
  "sbfl.json": {
    "dstar": 9.02,
    "ochiai": 9.04,
    "gp13": 8.8,
    "op2": 8.8,
    "jaccard": 9.1,
    "russell": 17.86,
    "turantula": 9.1,
    "naish1": 11.46,
    "binary": 43.4,
    "crosstab": 22.4
  },
  "hmer.json": {
    "dstar": 1.6866666666666668,
    "ochiai": 1.7266666666666666,
    "gp13": 1.7666666666666668,
    "op2": 1.6066666666666665,
    "jaccard": 1.7266666666666666,
    "russell": 2.46,
    "turantula": 1.7066666666666666,
    "naish1": 1.9466666666666668,
    "binary": 3.193333333333334,
    "crosstab": 2.9266666666666663,
    "dstar2": 1.666666666666667
  }
}