{
  "mbfl.json": {
    "dstar": 12.957264957264957,
    "ochiai": 5.67094017094017,
    "gp13": 5.658119658119658,
    "op2": 4.739316239316239,
    "jaccard": 5.67094017094017,
    "russell": 7.282051282051282,
    "turantula": 5.9914529914529915,
    "naish1": 5.4401709401709395,
    "binary": 36.14102564102564,
    "crosstab": 22.115384615384617
  },
  "sbfl.json": {
    "dstar": 7.4444444444444455,
    "ochiai": 7.585470085470086,
    "gp13": 7.405982905982907,
    "op2": 4.829059829059829,
    "jaccard": 7.521367521367522,
    "russell": 10.128205128205128,
    "turantula": 7.893162393162394,
    "naish1": 21.615384615384617,
    "binary": 48.30769230769231,
    "crosstab": 9.995726495726496
  },
  "hmer.json": {
    "dstar": 0.6538461538461539,
    "ochiai": 0.623931623931624,
    "gp13": 0.623931623931624,
    "op2": 0.623931623931624,
    "jaccard": 0.6752136752136753,
    "russell": 1.1794871794871795,
    "turantula": 0.7008547008547009,
    "naish1": 0.6495726495726496,
    "binary": 1.6153846153846154,
    "crosstab": 1.4102564102564104,
    "dstar2": 0.6538461538461539
  }
}