{
  "selective.json": {
    "dstar": 9.355681818181818,
    "ochiai": 7.321590909090909,
    "gp13": 7.1284090909090905,
    "op2": 5.4772727272727275,
    "jaccard": 7.321590909090909,
    "russell": 9.679545454545455,
    "turantula": 7.327272727272727,
    "naish1": 9.810227272727273,
    "binary": 30.5,
    "crosstab": 18.12727272727273,
    "dstar2": 9.332954545454545
  },
  "hmer.json": {
    "dstar": 2.221590909090909,
    "ochiai": 1.8579545454545454,
    "gp13": 1.8579545454545454,
    "op2": 1.5227272727272727,
    "jaccard": 1.8579545454545454,
    "russell": 3.1306818181818183,
    "turantula": 1.8579545454545454,
    "naish1": 1.8579545454545454,
    "binary": 3.6761363636363638,
    "crosstab": 3.477272727272727,
    "dstar2": 2.221590909090909
  }
}