{
  "pred_MFR_randomForestModel.json": {
    "dstar": 6.294117647058823,
    "ochiai": 6.235294117647059,
    "gp13": 6.588235294117647,
    "op2": 6.117647058823529,
    "jaccard": 6.235294117647059,
    "russell": 7.294117647058823,
    "turantula": 6.470588235294118,
    "naish1": 13.411764705882353,
    "binary": 23.941176470588236,
    "crosstab": 15.529411764705882,
    "dstar2": 6.294117647058823
  }
}