{
  "pred_MFR_randomForestModel.json": {
    "dstar": 1.7894736842105263,
    "ochiai": 1.7894736842105263,
    "gp13": 1.7894736842105263,
    "op2": 1.7105263157894737,
    "jaccard": 1.8157894736842106,
    "russell": 3.236842105263158,
    "turantula": 2.0789473684210527,
    "naish1": 2.5789473684210527,
    "binary": 35.5,
    "crosstab": 21.57894736842105,
    "dstar2": 1.7894736842105263
  }
}