{
  "pred_MFR_randomForestModel.json": {
    "dstar": 10.227272727272727,
    "ochiai": 10.090909090909092,
    "gp13": 9.954545454545455,
    "op2": 9.5,
    "jaccard": 10.045454545454545,
    "russell": 13.727272727272727,
    "turantula": 9.954545454545455,
    "naish1": 16.863636363636363,
    "binary": 42.45454545454545,
    "crosstab": 21.90909090909091,
    "dstar2": 10.045454545454545
  }
}