{
  "selective.json": {
    "dstar": 9.355681818181818,
    "ochiai": 7.321590909090909,
    "gp13": 7.1284090909090905,
    "op2": 5.4772727272727275,
    "jaccard": 7.321590909090909,
    "russell": 9.679545454545455,
    "turantula": 7.327272727272727,
    "naish1": 9.810227272727273,
    "binary": 30.5,
    "crosstab": 18.12727272727273,
    "dstar2": 9.332954545454545
  },
  "hmer.json": {
    "dstar": 2.9545454545454546,
    "ochiai": 2.1818181818181817,
    "gp13": 2.1818181818181817,
    "op2": 1.9090909090909092,
    "jaccard": 2.1818181818181817,
    "russell": 4.181818181818182,
    "turantula": 2.1818181818181817,
    "naish1": 2.1818181818181817,
    "binary": 4.681818181818182,
    "crosstab": 4.954545454545454,
    "dstar2": 2.9545454545454546
  }
}