{
  "mbfl.json": {
    "dstar": 9.294117647058824,
    "ochiai": 6.0,
    "gp13": 6.235294117647059,
    "op2": 5.9411764705882355,
    "jaccard": 6.0,
    "russell": 7.0588235294117645,
    "turantula": 6.294117647058823,
    "naish1": 9.529411764705882,
    "binary": 23.823529411764707,
    "crosstab": 18.58823529411765
  },
  "sbfl.json": {
    "dstar": 2.6470588235294117,
    "ochiai": 2.4705882352941178,
    "gp13": 2.6470588235294117,
    "op2": 2.6470588235294117,
    "jaccard": 2.4705882352941178,
    "russell": 5.294117647058823,
    "turantula": 2.588235294117647,
    "naish1": 7.0588235294117645,
    "binary": 36.411764705882355,
    "crosstab": 11.470588235294118
  },
  "hmer.json": {
    "dstar": 13.705882352941176,
    "ochiai": 13.588235294117647,
    "gp13": 13.588235294117647,
    "op2": 13.588235294117647,
    "jaccard": 13.588235294117647,
    "russell": 13.705882352941176,
    "turantula": 13.588235294117647,
    "naish1": 13.705882352941176,
    "binary": 13.705882352941176,
    "crosstab": 13.823529411764707,
    "dstar2": 13.705882352941176
  },
  "selective.json": {
    "dstar": 12.058823529411764,
    "ochiai": 9.411764705882353,
    "gp13": 9.647058823529411,
    "op2": 9.117647058823529,
    "jaccard": 9.411764705882353,
    "russell": 10.470588235294118,
    "turantula": 9.647058823529411,
    "naish1": 12.882352941176471,
    "binary": 23.11764705882353,
    "crosstab": 17.764705882352942,
    "dstar2": 12.058823529411764
  }
}