{
  "selective.json": {
    "dstar": 12.272727272727273,
    "ochiai": 7.2727272727272725,
    "gp13": 7.090909090909091,
    "op2": 5.681818181818182,
    "jaccard": 7.2727272727272725,
    "russell": 10.727272727272727,
    "turantula": 7.2727272727272725,
    "naish1": 10.590909090909092,
    "binary": 39.0,
    "crosstab": 22.09090909090909,
    "dstar2": 12.318181818181818
  },
  "hmer.json": {
    "dstar": 27.636363636363637,
    "ochiai": 27.454545454545453,
    "gp13": 27.454545454545453,
    "op2": 27.045454545454547,
    "jaccard": 27.454545454545453,
    "russell": 27.636363636363637,
    "turantula": 27.454545454545453,
    "naish1": 27.454545454545453,
    "binary": 27.772727272727273,
    "crosstab": 27.59090909090909,
    "dstar2": 27.636363636363637
  }
}