{
  "selective.json": {
    "dstar": 6.590909090909091,
    "ochiai": 4.409090909090909,
    "gp13": 4.090909090909091,
    "op2": 3.3636363636363638,
    "jaccard": 4.409090909090909,
    "russell": 6.7727272727272725,
    "turantula": 4.409090909090909,
    "naish1": 5.5,
    "binary": 30.181818181818183,
    "crosstab": 15.909090909090908,
    "dstar2": 6.590909090909091
  },
  "hmer.json": {
    "dstar": 0.5,
    "ochiai": 0.5,
    "gp13": 0.5,
    "op2": 0.5,
    "jaccard": 0.5,
    "russell": 0.5909090909090909,
    "turantula": 0.5,
    "naish1": 0.5,
    "binary": 0.45454545454545453,
    "crosstab": 0.7727272727272727,
    "dstar2": 0.5
  }
}