{
  "pred_MFR_randomForestModel.json": {
    "dstar": 6.235294117647059,
    "ochiai": 6.176470588235294,
    "gp13": 6.529411764705882,
    "op2": 6.0588235294117645,
    "jaccard": 6.176470588235294,
    "russell": 7.294117647058823,
    "turantula": 6.352941176470588,
    "naish1": 14.705882352941176,
    "binary": 24.294117647058822,
    "crosstab": 15.235294117647058,
    "dstar2": 6.235294117647059
  }
}