{
  "pred_MFR_randomForestModel.json": {
    "dstar": 1.7692307692307692,
    "ochiai": 1.7692307692307692,
    "gp13": 1.7692307692307692,
    "op2": 1.6923076923076923,
    "jaccard": 1.7692307692307692,
    "russell": 2.9743589743589745,
    "turantula": 1.9743589743589745,
    "naish1": 2.5641025641025643,
    "binary": 34.41025641025641,
    "crosstab": 22.128205128205128,
    "dstar2": 1.7692307692307692
  }
}