{
  "pred_MFR_randomForestModel.json": {
    "dstar": 2.7916666666666665,
    "ochiai": 2.763888888888889,
    "gp13": 2.7916666666666665,
    "op2": 2.7222222222222223,
    "jaccard": 2.7916666666666665,
    "russell": 4.708333333333333,
    "turantula": 2.8194444444444446,
    "naish1": 7.597222222222222,
    "binary": 17.01388888888889,
    "crosstab": 8.708333333333334,
    "dstar2": 2.7777777777777777
  }
}