{
  "pred_MFR_randomForestModel.json": {
    "dstar": 9.954545454545455,
    "ochiai": 10.0,
    "gp13": 10.045454545454545,
    "op2": 9.545454545454545,
    "jaccard": 10.045454545454545,
    "russell": 13.5,
    "turantula": 10.136363636363637,
    "naish1": 22.227272727272727,
    "binary": 42.63636363636363,
    "crosstab": 22.227272727272727,
    "dstar2": 10.0
  }
}