{
  "pred_MAR_randomForestModel.json": {
    "dstar": 9.911764705882353,
    "ochiai": 9.754901960784315,
    "gp13": 10.107843137254903,
    "op2": 9.431372549019608,
    "jaccard": 9.852941176470589,
    "russell": 10.735294117647058,
    "turantula": 9.735294117647058,
    "naish1": 17.5,
    "binary": 24.745098039215687,
    "crosstab": 15.93137254901961,
    "dstar2": 9.872549019607844
  }
}