{
  "pred_MAR_randomForestModel.json": {
    "dstar": 7.953333333333332,
    "ochiai": 7.926666666666668,
    "gp13": 8.053333333333333,
    "op2": 6.88,
    "jaccard": 8.026666666666667,
    "russell": 11.5,
    "turantula": 7.946666666666667,
    "naish1": 11.213333333333335,
    "binary": 31.153333333333336,
    "crosstab": 19.82,
    "dstar2": 7.966666666666668
  }
}