{
  "pred_MAR_randomForestModel.json": {
    "dstar": 7.76068376068376,
    "ochiai": 7.786324786324785,
    "gp13": 7.76068376068376,
    "op2": 6.504273504273504,
    "jaccard": 7.786324786324785,
    "russell": 8.820512820512821,
    "turantula": 8.106837606837606,
    "naish1": 8.337606837606836,
    "binary": 35.93589743589744,
    "crosstab": 24.692307692307693,
    "dstar2": 7.76068376068376
  }
}