{
  "pred_MAR_randomForestModel.json": {
    "dstar": 4.604794520547945,
    "ochiai": 4.597945205479451,
    "gp13": 4.604794520547945,
    "op2": 4.008904109589041,
    "jaccard": 4.60068493150685,
    "russell": 6.718493150684932,
    "turantula": 4.623972602739726,
    "naish1": 9.181506849315069,
    "binary": 17.34246575342466,
    "crosstab": 9.554109589041097,
    "dstar2": 4.597945205479451
  }
}