{
  "pred_MAR_randomForestModel.json": {
    "dstar": 14.857954545454545,
    "ochiai": 14.835227272727273,
    "gp13": 14.980681818181818,
    "op2": 12.594318181818181,
    "jaccard": 14.823863636363637,
    "russell": 18.21931818181818,
    "turantula": 14.840909090909092,
    "naish1": 25.75,
    "binary": 42.27272727272727,
    "crosstab": 23.3125,
    "dstar2": 14.857954545454545
  }
}