{
  "mbfl.json": {
    "dstar": 6.706666666666667,
    "ochiai": 6.133333333333334,
    "gp13": 6.12,
    "op2": 5.48,
    "jaccard": 6.093333333333334,
    "russell": 12.173333333333332,
    "turantula": 6.093333333333334,
    "naish1": 6.26,
    "binary": 31.2,
    "crosstab": 22.233333333333334
  },
  "sbfl.json": {
    "dstar": 9.02,
    "ochiai": 9.04,
    "gp13": 8.8,
    "op2": 8.8,
    "jaccard": 9.1,
    "russell": 17.86,
    "turantula": 9.1,
    "naish1": 11.46,
    "binary": 43.4,
    "crosstab": 22.4
  },
  "hmer.json": {
    "dstar": 21.92,
    "ochiai": 22.14,
    "gp13": 22.22,
    "op2": 21.82,
    "jaccard": 22.14,
    "russell": 22.32,
    "turantula": 22.12,
    "naish1": 22.16,
    "binary": 22.2,
    "crosstab": 21.78,
    "dstar2": 21.88
  },
  "selective.json": {
    "dstar": 15.2,
    "ochiai": 14.44,
    "gp13": 14.48,
    "op2": 13.08,
    "jaccard": 14.36,
    "russell": 17.14,
    "turantula": 14.36,
    "naish1": 14.52,
    "binary": 29.0,
    "crosstab": 22.62,
    "dstar2": 15.2
  }
}