{
  "mbfl.json": {
    "dstar": 12.957264957264957,
    "ochiai": 5.67094017094017,
    "gp13": 5.658119658119658,
    "op2": 4.739316239316239,
    "jaccard": 5.67094017094017,
    "russell": 7.282051282051282,
    "turantula": 5.9914529914529915,
    "naish1": 5.4401709401709395,
    "binary": 36.14102564102564,
    "crosstab": 22.115384615384617
  },
  "sbfl.json": {
    "dstar": 7.4444444444444455,
    "ochiai": 7.585470085470086,
    "gp13": 7.405982905982907,
    "op2": 4.829059829059829,
    "jaccard": 7.521367521367522,
    "russell": 10.128205128205128,
    "turantula": 7.893162393162394,
    "naish1": 21.615384615384617,
    "binary": 48.30769230769231,
    "crosstab": 9.995726495726496
  },
  "hmer.json": {
    "dstar": 20.45299145299145,
    "ochiai": 20.45299145299145,
    "gp13": 20.45299145299145,
    "op2": 20.427350427350426,
    "jaccard": 20.504273504273502,
    "russell": 20.5982905982906,
    "turantula": 20.529914529914528,
    "naish1": 20.45299145299145,
    "binary": 21.123931623931625,
    "crosstab": 20.803418803418804,
    "dstar2": 20.45299145299145
  },
  "selective.json": {
    "dstar": 17.893162393162395,
    "ochiai": 13.709401709401712,
    "gp13": 13.632478632478634,
    "op2": 11.149572649572649,
    "jaccard": 13.709401709401712,
    "russell": 14.307692307692308,
    "turantula": 13.799145299145302,
    "naish1": 13.594017094017095,
    "binary": 32.82051282051282,
    "crosstab": 21.935897435897434,
    "dstar2": 17.893162393162395
  }
}