{
  "mbfl.json": {
    "dstar": 7.714383561643835,
    "ochiai": 3.9700913242009133,
    "gp13": 3.9837899543378996,
    "op2": 3.741780821917808,
    "jaccard": 3.9700913242009133,
    "russell": 6.035844748858447,
    "turantula": 3.964611872146118,
    "naish1": 8.003424657534246,
    "binary": 17.29041095890411,
    "crosstab": 10.998630136986302
  },
  "sbfl.json": {
    "dstar": 5.34337899543379,
    "ochiai": 5.331963470319635,
    "gp13": 5.377625570776256,
    "op2": 4.819406392694065,
    "jaccard": 5.3273972602739725,
    "russell": 8.761187214611871,
    "turantula": 5.368493150684931,
    "naish1": 10.948858447488584,
    "binary": 25.622602739726027,
    "crosstab": 9.731050228310503
  },
  "hmer.json": {
    "dstar": 12.05958904109589,
    "ochiai": 12.032191780821918,
    "gp13": 12.032191780821918,
    "op2": 12.032191780821918,
    "jaccard": 12.02945205479452,
    "russell": 12.504794520547945,
    "turantula": 12.022602739726027,
    "naish1": 12.315753424657533,
    "binary": 12.975342465753425,
    "crosstab": 12.755479452054795,
    "dstar2": 12.05958904109589
  },
  "selective.json": {
    "dstar": 12.463698630136987,
    "ochiai": 11.073287671232878,
    "gp13": 11.073287671232878,
    "op2": 10.67716894977169,
    "jaccard": 11.073287671232878,
    "russell": 11.997260273972602,
    "turantula": 11.067808219178083,
    "naish1": 12.110273972602739,
    "binary": 16.75068493150685,
    "crosstab": 14.10867579908676,
    "dstar2": 12.463698630136987
  }
}