{
  "selective.json": {
    "dstar": 21.710227272727273,
    "ochiai": 20.15340909090909,
    "gp13": 19.9375,
    "op2": 18.795454545454547,
    "jaccard": 20.15340909090909,
    "russell": 21.579545454545453,
    "turantula": 20.15909090909091,
    "naish1": 21.02840909090909,
    "binary": 34.04545454545455,
    "crosstab": 27.045454545454547,
    "dstar2": 21.710227272727273
  },
  "hmer.json": {
    "dstar": 29.443181818181817,
    "ochiai": 29.261363636363637,
    "gp13": 29.261363636363637,
    "op2": 29.056818181818183,
    "jaccard": 29.261363636363637,
    "russell": 29.443181818181817,
    "turantula": 29.261363636363637,
    "naish1": 29.261363636363637,
    "binary": 29.681818181818183,
    "crosstab": 29.602272727272727,
    "dstar2": 29.443181818181817
  }
}