{
  "pred_MAR_randomForestModel.json": {
    "dstar": 6.3533333333333335,
    "ochiai": 6.246666666666666,
    "gp13": 6.793333333333333,
    "op2": 5.953333333333334,
    "jaccard": 6.253333333333334,
    "russell": 12.013333333333332,
    "turantula": 6.293333333333334,
    "naish1": 9.066666666666668,
    "binary": 30.813333333333336,
    "crosstab": 19.44,
    "dstar2": 6.286666666666666
  }
}