{
  "pred_MAR_randomForestModel.json": {
    "dstar": 6.078947368421052,
    "ochiai": 6.092105263157895,
    "gp13": 6.184210526315789,
    "op2": 5.2368421052631575,
    "jaccard": 6.092105263157895,
    "russell": 7.434210526315789,
    "turantula": 6.421052631578948,
    "naish1": 8.276315789473685,
    "binary": 37.06578947368421,
    "crosstab": 22.649122807017545,
    "dstar2": 6.105263157894737
  }
}