{
  "pred_MAR_randomForestModel.json": {
    "dstar": 3.9255707762557077,
    "ochiai": 3.9187214611872148,
    "gp13": 3.9255707762557077,
    "op2": 3.635616438356164,
    "jaccard": 3.9187214611872148,
    "russell": 6.001598173515981,
    "turantula": 3.9200913242009126,
    "naish1": 8.36986301369863,
    "binary": 17.44109589041096,
    "crosstab": 9.568493150684931,
    "dstar2": 3.9187214611872148
  }
}