{
  "pred_MAR_randomForestModel.json": {
    "dstar": 14.139772727272726,
    "ochiai": 14.026136363636363,
    "gp13": 14.120454545454544,
    "op2": 11.979545454545455,
    "jaccard": 14.020454545454545,
    "russell": 17.63181818181818,
    "turantula": 14.0375,
    "naish1": 22.295454545454547,
    "binary": 42.72727272727273,
    "crosstab": 24.175,
    "dstar2": 14.094318181818181
  }
}