{
  "mbfl.json": {
    "dstar": 6.706666666666667,
    "ochiai": 6.133333333333334,
    "gp13": 6.12,
    "op2": 5.48,
    "jaccard": 6.093333333333334,
    "russell": 12.173333333333332,
    "turantula": 6.093333333333334,
    "naish1": 6.26,
    "binary": 31.2,
    "crosstab": 22.233333333333334
  },
  "sbfl.json": {
    "dstar": 9.02,
    "ochiai": 9.04,
    "gp13": 8.8,
    "op2": 8.8,
    "jaccard": 9.1,
    "russell": 17.86,
    "turantula": 9.1,
    "naish1": 11.46,
    "binary": 43.4,
    "crosstab": 22.4
  },
  "hmer.json": {
    "dstar": 0.3,
    "ochiai": 0.46,
    "gp13": 0.54,
    "op2": 0.46,
    "jaccard": 0.46,
    "russell": 0.62,
    "turantula": 0.44,
    "naish1": 0.56,
    "binary": 0.56,
    "crosstab": 0.34,
    "dstar2": 0.26
  }
}