{
  "pred_MAR_randomForestModel.json": {
    "dstar": 15.00980392156863,
    "ochiai": 14.794117647058824,
    "gp13": 15.068627450980394,
    "op2": 13.862745098039216,
    "jaccard": 14.794117647058824,
    "russell": 15.147058823529411,
    "turantula": 14.676470588235293,
    "naish1": 20.794117647058822,
    "binary": 24.823529411764707,
    "crosstab": 17.40196078431373,
    "dstar2": 14.872549019607844
  }
}