{
  "pred_MAR_randomForestModel.json": {
    "dstar": 15.946666666666667,
    "ochiai": 16.026666666666667,
    "gp13": 16.066666666666666,
    "op2": 12.826666666666668,
    "jaccard": 16.013333333333332,
    "russell": 18.106666666666666,
    "turantula": 16.03333333333333,
    "naish1": 22.506666666666664,
    "binary": 31.2,
    "crosstab": 21.62666666666667,
    "dstar2": 16.12
  }
}