{
  "pred_MAR_randomForestModel.json": {
    "dstar": 14.525641025641026,
    "ochiai": 14.551282051282051,
    "gp13": 14.564102564102564,
    "op2": 13.487179487179487,
    "jaccard": 14.551282051282051,
    "russell": 14.85897435897436,
    "turantula": 14.73076923076923,
    "naish1": 17.73076923076923,
    "binary": 36.01282051282051,
    "crosstab": 26.064102564102566,
    "dstar2": 14.525641025641026
  }
}