{
  "pred_MAR_randomForestModel.json": {
    "dstar": 7.979908675799086,
    "ochiai": 8.00730593607306,
    "gp13": 7.993607305936073,
    "op2": 6.539269406392694,
    "jaccard": 8.00730593607306,
    "russell": 9.712785388127854,
    "turantula": 8.021004566210046,
    "naish1": 11.164383561643836,
    "binary": 17.726027397260275,
    "crosstab": 11.017351598173516,
    "dstar2": 7.993607305936073
  }
}