{
  "pred_MAR_randomForestModel.json": {
    "dstar": 27.52840909090909,
    "ochiai": 27.568181818181817,
    "gp13": 27.53409090909091,
    "op2": 21.30568181818182,
    "jaccard": 27.522727272727273,
    "russell": 28.551136363636363,
    "turantula": 27.65909090909091,
    "naish1": 34.29545454545455,
    "binary": 43.46590909090909,
    "crosstab": 28.186363636363637,
    "dstar2": 27.522727272727273
  }
}