{
  "mbfl.json": {
    "dstar": 11.025641025641026,
    "ochiai": 1.5897435897435896,
    "gp13": 1.5897435897435896,
    "op2": 1.5128205128205128,
    "jaccard": 1.5897435897435896,
    "russell": 3.1538461538461537,
    "turantula": 1.8461538461538463,
    "naish1": 2.358974358974359,
    "binary": 34.53846153846154,
    "crosstab": 20.974358974358974
  },
  "sbfl.json": {
    "dstar": 2.5641025641025643,
    "ochiai": 2.717948717948718,
    "gp13": 2.5384615384615383,
    "op2": 2.5384615384615383,
    "jaccard": 2.6666666666666665,
    "russell": 5.512820512820513,
    "turantula": 3.128205128205128,
    "naish1": 18.58974358974359,
    "binary": 48.0,
    "crosstab": 8.0
  },
  "hmer.json": {
    "dstar": 0.5384615384615384,
    "ochiai": 0.5128205128205128,
    "gp13": 0.5128205128205128,
    "op2": 0.48717948717948717,
    "jaccard": 0.5641025641025641,
    "russell": 1.1282051282051282,
    "turantula": 0.5897435897435898,
    "naish1": 0.5128205128205128,
    "binary": 1.435897435897436,
    "crosstab": 1.3076923076923077,
    "dstar2": 0.5384615384615384
  }
}