{
  "selective.json": {
    "dstar": 6.590909090909091,
    "ochiai": 4.409090909090909,
    "gp13": 4.090909090909091,
    "op2": 3.3636363636363638,
    "jaccard": 4.409090909090909,
    "russell": 6.7727272727272725,
    "turantula": 4.409090909090909,
    "naish1": 5.5,
    "binary": 30.181818181818183,
    "crosstab": 15.909090909090908,
    "dstar2": 6.590909090909091
  },
  "hmer.json": {
    "dstar": 1.7727272727272727,
    "ochiai": 1.2727272727272727,
    "gp13": 1.2727272727272727,
    "op2": 1.1818181818181819,
    "jaccard": 1.2727272727272727,
    "russell": 3.0454545454545454,
    "turantula": 1.2727272727272727,
    "naish1": 1.2727272727272727,
    "binary": 3.5,
    "crosstab": 3.8181818181818183,
    "dstar2": 1.7727272727272727
  }
}