{
  "mbfl.json": {
    "dstar": 7.714383561643835,
    "ochiai": 3.9700913242009133,
    "gp13": 3.9837899543378996,
    "op2": 3.741780821917808,
    "jaccard": 3.9700913242009133,
    "russell": 6.035844748858447,
    "turantula": 3.964611872146118,
    "naish1": 8.003424657534246,
    "binary": 17.29041095890411,
    "crosstab": 10.998630136986302
  },
  "sbfl.json": {
    "dstar": 5.34337899543379,
    "ochiai": 5.331963470319635,
    "gp13": 5.377625570776256,
    "op2": 4.819406392694065,
    "jaccard": 5.3273972602739725,
    "russell": 8.761187214611871,
    "turantula": 5.368493150684931,
    "naish1": 10.948858447488584,
    "binary": 25.622602739726027,
    "crosstab": 9.731050228310503
  },
  "hmer.json": {
    "dstar": 1.0746575342465754,
    "ochiai": 0.8691780821917808,
    "gp13": 0.8828767123287672,
    "op2": 0.8554794520547946,
    "jaccard": 0.8691780821917808,
    "russell": 1.691095890410959,
    "turantula": 0.8595890410958904,
    "naish1": 1.2349315068493152,
    "binary": 2.2986301369863016,
    "crosstab": 1.8390410958904109,
    "dstar2": 1.0746575342465754
  },
  "selective.json": {
    "dstar": 2.0952054794520545,
    "ochiai": 1.4856164383561645,
    "gp13": 1.4993150684931507,
    "op2": 1.1773972602739726,
    "jaccard": 1.4856164383561645,
    "russell": 2.69337899543379,
    "turantula": 1.4828767123287672,
    "naish1": 4.725342465753425,
    "binary": 8.765296803652967,
    "crosstab": 4.235159817351597,
    "dstar2": 2.0883561643835615
  }
}