{
  "selective.json": {
    "dstar": 8.8375,
    "ochiai": 7.905681818181819,
    "gp13": 7.797727272727273,
    "op2": 6.045454545454546,
    "jaccard": 7.860227272727273,
    "russell": 8.74659090909091,
    "turantula": 7.860227272727273,
    "naish1": 11.945454545454545,
    "binary": 19.193181818181817,
    "crosstab": 9.031818181818181,
    "dstar2": 8.865909090909092
  },
  "hmer.json": {
    "dstar": 2.9545454545454546,
    "ochiai": 2.1818181818181817,
    "gp13": 2.1818181818181817,
    "op2": 1.9090909090909092,
    "jaccard": 2.1818181818181817,
    "russell": 4.181818181818182,
    "turantula": 2.1818181818181817,
    "naish1": 2.1818181818181817,
    "binary": 4.681818181818182,
    "crosstab": 4.954545454545454,
    "dstar2": 2.9545454545454546
  }
}