{
  "mbfl.json": {
    "dstar": 16.136363636363637,
    "ochiai": 6.571969696969696,
    "gp13": 6.575757575757577,
    "op2": 5.7310606060606055,
    "jaccard": 6.568181818181818,
    "russell": 8.757575757575758,
    "turantula": 6.859848484848485,
    "naish1": 7.087121212121212,
    "binary": 43.85227272727273,
    "crosstab": 26.685606060606062
  },
  "sbfl.json": {
    "dstar": 8.087121212121211,
    "ochiai": 8.196969696969697,
    "gp13": 8.056818181818182,
    "op2": 5.7727272727272725,
    "jaccard": 8.159090909090908,
    "russell": 10.946969696969695,
    "turantula": 8.496212121212121,
    "naish1": 24.113636363636363,
    "binary": 57.31818181818182,
    "crosstab": 11.74621212121212
  }
}