{
  "mbfl.json": {
    "dstar": 7.601999999999999,
    "ochiai": 3.8908888888888886,
    "gp13": 3.9042222222222223,
    "op2": 3.6686666666666663,
    "jaccard": 3.8908888888888886,
    "russell": 5.9015555555555546,
    "turantula": 3.885555555555555,
    "naish1": 7.816666666666666,
    "binary": 17.40266666666667,
    "crosstab": 11.132
  },
  "sbfl.json": {
    "dstar": 5.240888888888889,
    "ochiai": 5.229777777777778,
    "gp13": 5.274222222222222,
    "op2": 4.73088888888889,
    "jaccard": 5.225333333333333,
    "russell": 8.594222222222221,
    "turantula": 5.265333333333333,
    "naish1": 10.69688888888889,
    "binary": 25.659333333333333,
    "crosstab": 9.618222222222222
  }
}