{
  "mbfl.json": {
    "dstar": 13.278409090909092,
    "ochiai": 7.113636363636363,
    "gp13": 7.056818181818182,
    "op2": 5.711363636363637,
    "jaccard": 7.113636363636363,
    "russell": 11.352272727272727,
    "turantula": 7.119318181818182,
    "naish1": 12.556818181818182,
    "binary": 43.36363636363637,
    "crosstab": 24.164772727272727
  },
  "sbfl.json": {
    "dstar": 12.2875,
    "ochiai": 11.797727272727274,
    "gp13": 12.975,
    "op2": 11.095454545454546,
    "jaccard": 11.62840909090909,
    "russell": 20.630681818181817,
    "turantula": 11.50340909090909,
    "naish1": 48.51363636363636,
    "binary": 75.02499999999999,
    "crosstab": 20.831818181818182
  }
}