{
  "pred_MFR_randomForestModel.json": {
    "dstar": 8.529411764705882,
    "ochiai": 8.294117647058824,
    "gp13": 8.588235294117647,
    "op2": 7.0,
    "jaccard": 8.294117647058824,
    "russell": 9.0,
    "turantula": 8.176470588235293,
    "naish1": 16.764705882352942,
    "binary": 24.470588235294116,
    "crosstab": 14.411764705882353,
    "dstar2": 8.411764705882353
  }
}