{
  "pred_MFR_randomForestModel.json": {
    "dstar": 6.717948717948718,
    "ochiai": 6.794871794871795,
    "gp13": 6.6923076923076925,
    "op2": 5.9743589743589745,
    "jaccard": 6.769230769230769,
    "russell": 7.051282051282051,
    "turantula": 6.794871794871795,
    "naish1": 10.538461538461538,
    "binary": 34.30769230769231,
    "crosstab": 24.82051282051282,
    "dstar2": 6.769230769230769
  }
}