{
  "pred_MFR_randomForestModel.json": {
    "dstar": 6.109589041095891,
    "ochiai": 6.136986301369863,
    "gp13": 6.109589041095891,
    "op2": 4.876712328767123,
    "jaccard": 6.136986301369863,
    "russell": 8.0,
    "turantula": 6.178082191780822,
    "naish1": 10.73972602739726,
    "binary": 17.438356164383563,
    "crosstab": 9.657534246575343,
    "dstar2": 6.123287671232877
  }
}