{
  "pred_MFR_randomForestModel.json": {
    "dstar": 23.454545454545453,
    "ochiai": 23.454545454545453,
    "gp13": 23.5,
    "op2": 19.818181818181817,
    "jaccard": 23.454545454545453,
    "russell": 24.272727272727273,
    "turantula": 23.454545454545453,
    "naish1": 33.09090909090909,
    "binary": 43.81818181818182,
    "crosstab": 28.59090909090909,
    "dstar2": 23.454545454545453
  }
}