{
  "pred_MAR_randomForestModel.json": {
    "dstar": 7.862745098039217,
    "ochiai": 7.745098039215687,
    "gp13": 8.098039215686276,
    "op2": 7.5392156862745106,
    "jaccard": 7.745098039215687,
    "russell": 8.803921568627452,
    "turantula": 7.588235294117647,
    "naish1": 15.382352941176471,
    "binary": 24.3921568627451,
    "crosstab": 16.470588235294116,
    "dstar2": 7.823529411764706
  }
}