{
  "pred_MAR_randomForestModel.json": {
    "dstar": 6.5,
    "ochiai": 6.386666666666667,
    "gp13": 7.02,
    "op2": 6.2,
    "jaccard": 6.473333333333334,
    "russell": 11.513333333333332,
    "turantula": 6.433333333333334,
    "naish1": 11.26,
    "binary": 30.833333333333336,
    "crosstab": 19.06,
    "dstar2": 6.413333333333334
  }
}