{
  "pred_MAR_randomForestModel.json": {
    "dstar": 5.82051282051282,
    "ochiai": 5.846153846153846,
    "gp13": 5.910256410256411,
    "op2": 5.162393162393163,
    "jaccard": 5.846153846153846,
    "russell": 7.051282051282051,
    "turantula": 6.166666666666667,
    "naish1": 7.9743589743589745,
    "binary": 36.01282051282051,
    "crosstab": 22.944444444444446,
    "dstar2": 5.833333333333333
  }
}