{
  "pred_MAR_randomForestModel.json": {
    "dstar": 5.21324200913242,
    "ochiai": 5.18310502283105,
    "gp13": 5.21324200913242,
    "op2": 4.560273972602739,
    "jaccard": 5.196803652968037,
    "russell": 7.172831050228309,
    "turantula": 5.247488584474886,
    "naish1": 8.95890410958904,
    "binary": 17.36986301369863,
    "crosstab": 10.054794520547945,
    "dstar2": 5.210502283105023
  }
}