{
  "pred_MAR_randomForestModel.json": {
    "dstar": 17.803409090909092,
    "ochiai": 17.837500000000002,
    "gp13": 17.87159090909091,
    "op2": 14.480681818181818,
    "jaccard": 17.78068181818182,
    "russell": 19.87272727272727,
    "turantula": 17.68977272727273,
    "naish1": 27.75,
    "binary": 43.0,
    "crosstab": 24.12840909090909,
    "dstar2": 17.848863636363635
  }
}