{
  "pred_MFR_randomForestModel.json": {
    "dstar": 6.235294117647059,
    "ochiai": 6.176470588235294,
    "gp13": 6.470588235294118,
    "op2": 6.0,
    "jaccard": 6.176470588235294,
    "russell": 7.117647058823529,
    "turantula": 6.235294117647059,
    "naish1": 14.705882352941176,
    "binary": 24.235294117647058,
    "crosstab": 15.705882352941176,
    "dstar2": 6.235294117647059
  }
}