{
  "pred_MFR_randomForestModel.json": {
    "dstar": 1.6923076923076923,
    "ochiai": 1.6923076923076923,
    "gp13": 1.6923076923076923,
    "op2": 1.6153846153846154,
    "jaccard": 1.6923076923076923,
    "russell": 2.871794871794872,
    "turantula": 1.9230769230769231,
    "naish1": 2.4871794871794872,
    "binary": 34.38461538461539,
    "crosstab": 22.615384615384617,
    "dstar2": 1.6923076923076923
  }
}