{
  "pred_MFR_randomForestModel.json": {
    "dstar": 3.0684931506849313,
    "ochiai": 3.041095890410959,
    "gp13": 3.0684931506849313,
    "op2": 2.9452054794520546,
    "jaccard": 3.0547945205479454,
    "russell": 5.191780821917808,
    "turantula": 3.1095890410958904,
    "naish1": 8.219178082191782,
    "binary": 17.301369863013697,
    "crosstab": 8.945205479452055,
    "dstar2": 3.0684931506849313
  }
}