{
  "pred_MFR_randomForestModel.json": {
    "dstar": 13.681818181818182,
    "ochiai": 13.863636363636363,
    "gp13": 13.772727272727273,
    "op2": 12.090909090909092,
    "jaccard": 13.727272727272727,
    "russell": 15.863636363636363,
    "turantula": 13.727272727272727,
    "naish1": 27.727272727272727,
    "binary": 42.86363636363637,
    "crosstab": 21.90909090909091,
    "dstar2": 13.681818181818182
  }
}