{
  "pred_MAR_randomForestModel.json": {
    "dstar": 7.088235294117647,
    "ochiai": 7.068627450980393,
    "gp13": 7.382352941176471,
    "op2": 6.647058823529412,
    "jaccard": 7.068627450980393,
    "russell": 8.049019607843137,
    "turantula": 7.0588235294117645,
    "naish1": 14.058823529411764,
    "binary": 24.254901960784313,
    "crosstab": 16.06862745098039,
    "dstar2": 7.088235294117647
  }
}