{
  "pred_MAR_randomForestModel.json": {
    "dstar": 6.3533333333333335,
    "ochiai": 6.233333333333333,
    "gp13": 6.753333333333333,
    "op2": 5.913333333333334,
    "jaccard": 6.24,
    "russell": 11.893333333333333,
    "turantula": 6.2,
    "naish1": 9.026666666666667,
    "binary": 30.853333333333335,
    "crosstab": 19.39333333333333,
    "dstar2": 6.22
  }
}