{
  "pred_MAR_randomForestModel.json": {
    "dstar": 5.9868421052631575,
    "ochiai": 6.052631578947368,
    "gp13": 6.065789473684211,
    "op2": 5.052631578947368,
    "jaccard": 6.052631578947368,
    "russell": 7.315789473684211,
    "turantula": 6.302631578947368,
    "naish1": 8.171052631578947,
    "binary": 37.0921052631579,
    "crosstab": 22.416666666666668,
    "dstar2": 6.0394736842105265
  }
}