{
  "pred_MAR_randomForestModel.json": {
    "dstar": 3.891324200913242,
    "ochiai": 3.8844748858447486,
    "gp13": 3.891324200913242,
    "op2": 3.6150684931506847,
    "jaccard": 3.8844748858447486,
    "russell": 5.974200913242009,
    "turantula": 3.8721461187214605,
    "naish1": 8.335616438356164,
    "binary": 17.495890410958904,
    "crosstab": 9.60958904109589,
    "dstar2": 3.891324200913242
  }
}