{
  "pred_MAR_randomForestModel.json": {
    "dstar": 14.139772727272726,
    "ochiai": 14.0375,
    "gp13": 14.114772727272726,
    "op2": 11.973863636363637,
    "jaccard": 14.031818181818181,
    "russell": 17.44431818181818,
    "turantula": 14.048863636363636,
    "naish1": 22.295454545454547,
    "binary": 42.95454545454545,
    "crosstab": 24.14659090909091,
    "dstar2": 14.048863636363636
  }
}