{
  "selective.json": {
    "dstar": 6.590909090909091,
    "ochiai": 4.409090909090909,
    "gp13": 4.090909090909091,
    "op2": 3.3636363636363638,
    "jaccard": 4.409090909090909,
    "russell": 6.7727272727272725,
    "turantula": 4.409090909090909,
    "naish1": 5.5,
    "binary": 30.181818181818183,
    "crosstab": 15.909090909090908,
    "dstar2": 6.590909090909091
  },
  "hmer.json": {
    "dstar": 1.1818181818181819,
    "ochiai": 0.8181818181818182,
    "gp13": 0.8181818181818182,
    "op2": 0.7272727272727273,
    "jaccard": 0.8181818181818182,
    "russell": 2.090909090909091,
    "turantula": 0.8181818181818182,
    "naish1": 0.8181818181818182,
    "binary": 2.6363636363636362,
    "crosstab": 2.6818181818181817,
    "dstar2": 1.1818181818181819
  }
}