{
  "mbfl.json": {
    "dstar": 11.025641025641026,
    "ochiai": 1.5897435897435896,
    "gp13": 1.5897435897435896,
    "op2": 1.5128205128205128,
    "jaccard": 1.5897435897435896,
    "russell": 3.1538461538461537,
    "turantula": 1.8461538461538463,
    "naish1": 2.358974358974359,
    "binary": 34.53846153846154,
    "crosstab": 20.974358974358974
  },
  "sbfl.json": {
    "dstar": 2.5641025641025643,
    "ochiai": 2.717948717948718,
    "gp13": 2.5384615384615383,
    "op2": 2.5384615384615383,
    "jaccard": 2.6666666666666665,
    "russell": 5.512820512820513,
    "turantula": 3.128205128205128,
    "naish1": 18.58974358974359,
    "binary": 48.0,
    "crosstab": 8.0
  },
  "hmer.json": {
    "dstar": 0.4358974358974359,
    "ochiai": 0.46153846153846156,
    "gp13": 0.46153846153846156,
    "op2": 0.46153846153846156,
    "jaccard": 0.5128205128205128,
    "russell": 1.0769230769230769,
    "turantula": 0.5384615384615384,
    "naish1": 0.46153846153846156,
    "binary": 1.4871794871794872,
    "crosstab": 1.3076923076923077,
    "dstar2": 0.4358974358974359
  },
  "selective.json": {
    "dstar": 6.282051282051282,
    "ochiai": 1.2307692307692308,
    "gp13": 1.2307692307692308,
    "op2": 1.2307692307692308,
    "jaccard": 1.2307692307692308,
    "russell": 2.1794871794871793,
    "turantula": 1.4871794871794872,
    "naish1": 1.8205128205128205,
    "binary": 23.897435897435898,
    "crosstab": 12.717948717948717,
    "dstar2": 6.282051282051282
  }
}