{
  "mbfl.json": {
    "dstar": 6.767123287671233,
    "ochiai": 2.712328767123288,
    "gp13": 2.7260273972602738,
    "op2": 2.671232876712329,
    "jaccard": 2.712328767123288,
    "russell": 4.945205479452055,
    "turantula": 2.7260273972602738,
    "naish1": 7.041095890410959,
    "binary": 17.232876712328768,
    "crosstab": 10.506849315068493
  },
  "sbfl.json": {
    "dstar": 3.7534246575342465,
    "ochiai": 3.73972602739726,
    "gp13": 3.7945205479452055,
    "op2": 3.7945205479452055,
    "jaccard": 3.7260273972602738,
    "russell": 7.493150684931507,
    "turantula": 3.767123287671233,
    "naish1": 9.36986301369863,
    "binary": 24.73972602739726,
    "crosstab": 9.356164383561644
  },
  "hmer.json": {
    "dstar": 0.9178082191780822,
    "ochiai": 0.6027397260273972,
    "gp13": 0.6164383561643836,
    "op2": 0.589041095890411,
    "jaccard": 0.6027397260273972,
    "russell": 1.547945205479452,
    "turantula": 0.6027397260273972,
    "naish1": 0.9726027397260274,
    "binary": 2.1095890410958904,
    "crosstab": 1.6575342465753424,
    "dstar2": 0.9178082191780822
  },
  "selective.json": {
    "dstar": 3.808219178082192,
    "ochiai": 2.4657534246575343,
    "gp13": 2.4794520547945207,
    "op2": 2.315068493150685,
    "jaccard": 2.4657534246575343,
    "russell": 4.219178082191781,
    "turantula": 2.4657534246575343,
    "naish1": 6.36986301369863,
    "binary": 12.164383561643836,
    "crosstab": 7.027397260273973,
    "dstar2": 3.808219178082192
  }
}