{
  "selective.json": {
    "dstar": 12.772727272727273,
    "ochiai": 10.045454545454545,
    "gp13": 9.772727272727273,
    "op2": 9.363636363636363,
    "jaccard": 10.045454545454545,
    "russell": 13.136363636363637,
    "turantula": 10.090909090909092,
    "naish1": 9.772727272727273,
    "binary": 31.136363636363637,
    "crosstab": 22.681818181818183,
    "dstar2": 12.727272727272727
  },
  "hmer.json": {
    "dstar": 2.1363636363636362,
    "ochiai": 1.3636363636363635,
    "gp13": 1.3636363636363635,
    "op2": 1.2727272727272727,
    "jaccard": 1.3636363636363635,
    "russell": 3.3636363636363638,
    "turantula": 1.3636363636363635,
    "naish1": 1.3636363636363635,
    "binary": 4.0,
    "crosstab": 4.318181818181818,
    "dstar2": 2.1363636363636362
  }
}