{
  "mbfl.json": {
    "dstar": 6.767123287671233,
    "ochiai": 2.712328767123288,
    "gp13": 2.7260273972602738,
    "op2": 2.671232876712329,
    "jaccard": 2.712328767123288,
    "russell": 4.945205479452055,
    "turantula": 2.7260273972602738,
    "naish1": 7.041095890410959,
    "binary": 17.232876712328768,
    "crosstab": 10.506849315068493
  },
  "sbfl.json": {
    "dstar": 3.7534246575342465,
    "ochiai": 3.73972602739726,
    "gp13": 3.7945205479452055,
    "op2": 3.7945205479452055,
    "jaccard": 3.7260273972602738,
    "russell": 7.493150684931507,
    "turantula": 3.767123287671233,
    "naish1": 9.36986301369863,
    "binary": 24.73972602739726,
    "crosstab": 9.356164383561644
  },
  "hmer.json": {
    "dstar": 0.7534246575342466,
    "ochiai": 0.5342465753424658,
    "gp13": 0.5342465753424658,
    "op2": 0.5342465753424658,
    "jaccard": 0.5342465753424658,
    "russell": 1.452054794520548,
    "turantula": 0.5342465753424658,
    "naish1": 0.9041095890410958,
    "binary": 1.8356164383561644,
    "crosstab": 1.5342465753424657,
    "dstar2": 0.7534246575342466
  }
}