{
  "pred_MAR_randomForestModel.json": {
    "dstar": 12.696078431372548,
    "ochiai": 12.5,
    "gp13": 12.774509803921568,
    "op2": 11.5,
    "jaccard": 12.5,
    "russell": 13.098039215686274,
    "turantula": 12.343137254901961,
    "naish1": 19.61764705882353,
    "binary": 24.901960784313726,
    "crosstab": 16.3921568627451,
    "dstar2": 12.57843137254902
  }
}