{
  "pred_MAR_randomForestModel.json": {
    "dstar": 7.386666666666668,
    "ochiai": 7.373333333333332,
    "gp13": 7.626666666666668,
    "op2": 6.686666666666667,
    "jaccard": 7.6,
    "russell": 10.96,
    "turantula": 7.6,
    "naish1": 13.106666666666666,
    "binary": 31.1,
    "crosstab": 20.006666666666668,
    "dstar2": 7.366666666666667
  }
}