{
  "pred_MAR_randomForestModel.json": {
    "dstar": 7.3076923076923075,
    "ochiai": 7.333333333333333,
    "gp13": 7.294871794871795,
    "op2": 6.153846153846154,
    "jaccard": 7.333333333333333,
    "russell": 8.166666666666666,
    "turantula": 7.666666666666667,
    "naish1": 8.294871794871796,
    "binary": 36.03846153846154,
    "crosstab": 24.743589743589745,
    "dstar2": 7.3076923076923075
  }
}