{
  "pred_MAR_randomForestModel.json": {
    "dstar": 5.825799086757991,
    "ochiai": 5.8230593607305945,
    "gp13": 5.825799086757991,
    "op2": 4.939954337899543,
    "jaccard": 5.795662100456622,
    "russell": 7.638584474885845,
    "turantula": 5.855936073059361,
    "naish1": 9.043150684931506,
    "binary": 17.30821917808219,
    "crosstab": 10.46255707762557,
    "dstar2": 5.8230593607305945
  }
}