{
  "pred_MAR_randomForestModel.json": {
    "dstar": 14.801136363636363,
    "ochiai": 14.840909090909092,
    "gp13": 14.823863636363637,
    "op2": 12.380681818181818,
    "jaccard": 14.886363636363637,
    "russell": 17.15909090909091,
    "turantula": 14.863636363636363,
    "naish1": 24.477272727272727,
    "binary": 43.90909090909091,
    "crosstab": 24.65909090909091,
    "dstar2": 14.801136363636363
  }
}