{
  "pred_MFR_randomForestModel.json": {
    "dstar": 11.705882352941176,
    "ochiai": 11.529411764705882,
    "gp13": 11.882352941176471,
    "op2": 11.0,
    "jaccard": 11.529411764705882,
    "russell": 12.0,
    "turantula": 11.529411764705882,
    "naish1": 20.11764705882353,
    "binary": 24.58823529411765,
    "crosstab": 15.176470588235293,
    "dstar2": 11.647058823529411
  }
}