{
  "pred_MFR_randomForestModel.json": {
    "dstar": 13.025641025641026,
    "ochiai": 13.051282051282051,
    "gp13": 13.025641025641026,
    "op2": 12.205128205128204,
    "jaccard": 13.051282051282051,
    "russell": 13.35897435897436,
    "turantula": 13.051282051282051,
    "naish1": 15.333333333333334,
    "binary": 34.41025641025641,
    "crosstab": 25.358974358974358,
    "dstar2": 13.025641025641026
  }
}