{
  "pred_MFR_randomForestModel.json": {
    "dstar": 6.123287671232877,
    "ochiai": 6.1506849315068495,
    "gp13": 6.136986301369863,
    "op2": 4.986301369863014,
    "jaccard": 6.1506849315068495,
    "russell": 7.917808219178082,
    "turantula": 6.1506849315068495,
    "naish1": 10.726027397260275,
    "binary": 17.671232876712327,
    "crosstab": 9.726027397260275,
    "dstar2": 6.136986301369863
  }
}