{
  "pred_MFR_randomForestModel.json": {
    "dstar": 24.681818181818183,
    "ochiai": 24.727272727272727,
    "gp13": 24.681818181818183,
    "op2": 19.136363636363637,
    "jaccard": 24.681818181818183,
    "russell": 25.727272727272727,
    "turantula": 24.863636363636363,
    "naish1": 33.63636363636363,
    "binary": 43.40909090909091,
    "crosstab": 26.40909090909091,
    "dstar2": 24.681818181818183
  }
}