{
  "pred_MFR_randomForestModel.json": {
    "dstar": 10.0,
    "ochiai": 10.045454545454545,
    "gp13": 9.772727272727273,
    "op2": 9.318181818181818,
    "jaccard": 10.090909090909092,
    "russell": 13.318181818181818,
    "turantula": 10.136363636363637,
    "naish1": 16.681818181818183,
    "binary": 42.59090909090909,
    "crosstab": 22.181818181818183,
    "dstar2": 10.0
  }
}