{
  "pred_MAR_randomForestModel.json": {
    "dstar": 6.446666666666666,
    "ochiai": 6.3533333333333335,
    "gp13": 6.473333333333334,
    "op2": 5.653333333333333,
    "jaccard": 6.24,
    "russell": 11.773333333333333,
    "turantula": 6.18,
    "naish1": 8.986666666666668,
    "binary": 30.826666666666664,
    "crosstab": 18.98,
    "dstar2": 6.3933333333333335
  }
}