{
  "pred_MAR_randomForestModel.json": {
    "dstar": 3.9118721461187214,
    "ochiai": 3.898173515981735,
    "gp13": 3.9118721461187214,
    "op2": 3.6595890410958902,
    "jaccard": 3.898173515981735,
    "russell": 5.994748858447488,
    "turantula": 3.8639269406392693,
    "naish1": 8.36986301369863,
    "binary": 17.400000000000002,
    "crosstab": 9.698630136986301,
    "dstar2": 3.9118721461187214
  }
}