{
  "pred_MAR_randomForestModel.json": {
    "dstar": 13.856818181818182,
    "ochiai": 13.780681818181819,
    "gp13": 13.594318181818181,
    "op2": 11.832954545454545,
    "jaccard": 13.74659090909091,
    "russell": 17.12840909090909,
    "turantula": 13.757954545454545,
    "naish1": 19.210227272727273,
    "binary": 42.72727272727273,
    "crosstab": 24.513636363636362,
    "dstar2": 13.803409090909092
  }
}