{
  "selective.json": {
    "dstar": 14.914772727272727,
    "ochiai": 12.346590909090908,
    "gp13": 12.153409090909092,
    "op2": 11.238636363636363,
    "jaccard": 12.346590909090908,
    "russell": 15.397727272727273,
    "turantula": 12.352272727272727,
    "naish1": 12.153409090909092,
    "binary": 31.136363636363637,
    "crosstab": 22.875,
    "dstar2": 14.869318181818182
  },
  "hmer.json": {
    "dstar": 2.9545454545454546,
    "ochiai": 2.1818181818181817,
    "gp13": 2.1818181818181817,
    "op2": 1.9090909090909092,
    "jaccard": 2.1818181818181817,
    "russell": 4.181818181818182,
    "turantula": 2.1818181818181817,
    "naish1": 2.1818181818181817,
    "binary": 4.681818181818182,
    "crosstab": 4.954545454545454,
    "dstar2": 2.9545454545454546
  }
}