{
  "pred_MFR_randomForestModel.json": {
    "dstar": 3.0136986301369864,
    "ochiai": 2.9863013698630136,
    "gp13": 3.0136986301369864,
    "op2": 2.9178082191780823,
    "jaccard": 3.0,
    "russell": 5.205479452054795,
    "turantula": 3.0684931506849313,
    "naish1": 8.191780821917808,
    "binary": 17.47945205479452,
    "crosstab": 9.10958904109589,
    "dstar2": 3.0
  }
}