{
  "pred_MFR_randomForestModel.json": {
    "dstar": 9.818181818181818,
    "ochiai": 9.909090909090908,
    "gp13": 9.818181818181818,
    "op2": 9.363636363636363,
    "jaccard": 9.909090909090908,
    "russell": 13.409090909090908,
    "turantula": 10.090909090909092,
    "naish1": 22.772727272727273,
    "binary": 42.18181818181818,
    "crosstab": 20.181818181818183,
    "dstar2": 9.818181818181818
  }
}