{
  "pred_MAR_randomForestModel.json": {
    "dstar": 7.029411764705882,
    "ochiai": 7.009803921568627,
    "gp13": 7.264705882352941,
    "op2": 6.529411764705882,
    "jaccard": 7.009803921568627,
    "russell": 7.9901960784313735,
    "turantula": 7.0588235294117645,
    "naish1": 14.058823529411764,
    "binary": 24.254901960784313,
    "crosstab": 16.009803921568626,
    "dstar2": 7.029411764705882
  }
}