{
  "pred_MAR_randomForestModel.json": {
    "dstar": 6.386666666666667,
    "ochiai": 6.293333333333334,
    "gp13": 6.433333333333334,
    "op2": 5.613333333333333,
    "jaccard": 6.306666666666667,
    "russell": 11.893333333333333,
    "turantula": 6.3,
    "naish1": 8.946666666666667,
    "binary": 30.826666666666664,
    "crosstab": 19.093333333333334,
    "dstar2": 6.333333333333334
  }
}