{
  "pred_MAR_randomForestModel.json": {
    "dstar": 6.004385964912281,
    "ochiai": 5.991228070175438,
    "gp13": 5.978070175438596,
    "op2": 5.057017543859649,
    "jaccard": 6.030701754385965,
    "russell": 7.407894736842105,
    "turantula": 6.333333333333333,
    "naish1": 6.951754385964911,
    "binary": 37.0921052631579,
    "crosstab": 23.057017543859647,
    "dstar2": 6.004385964912281
  }
}