{
  "pred_MAR_randomForestModel.json": {
    "dstar": 3.9050228310502284,
    "ochiai": 3.891324200913242,
    "gp13": 3.9050228310502284,
    "op2": 3.624200913242009,
    "jaccard": 3.891324200913242,
    "russell": 6.0084474885844745,
    "turantula": 3.8570776255707764,
    "naish1": 8.363013698630137,
    "binary": 17.345205479452055,
    "crosstab": 9.82420091324201,
    "dstar2": 3.9050228310502284
  }
}