{
  "pred_MAR_randomForestModel.json": {
    "dstar": 13.889772727272726,
    "ochiai": 13.732954545454545,
    "gp13": 13.882954545454545,
    "op2": 12.02159090909091,
    "jaccard": 13.727272727272727,
    "russell": 17.36818181818182,
    "turantula": 13.710227272727273,
    "naish1": 20.977272727272727,
    "binary": 42.63636363636363,
    "crosstab": 24.00795454545454,
    "dstar2": 13.789772727272727
  }
}