{
  "pred_MAR_randomForestModel.json": {
    "dstar": 9.931372549019606,
    "ochiai": 9.794117647058824,
    "gp13": 9.99019607843137,
    "op2": 8.901960784313724,
    "jaccard": 9.794117647058824,
    "russell": 10.294117647058824,
    "turantula": 9.794117647058824,
    "naish1": 16.08823529411765,
    "binary": 24.80392156862745,
    "crosstab": 16.617647058823533,
    "dstar2": 9.931372549019606
  }
}