{
  "pred_MAR_randomForestModel.json": {
    "dstar": 12.546666666666667,
    "ochiai": 12.326666666666668,
    "gp13": 12.573333333333332,
    "op2": 10.693333333333333,
    "jaccard": 12.246666666666668,
    "russell": 15.46,
    "turantula": 12.093333333333332,
    "naish1": 18.006666666666664,
    "binary": 30.7,
    "crosstab": 20.91333333333333,
    "dstar2": 12.306666666666667
  }
}