{
  "pred_MAR_randomForestModel.json": {
    "dstar": 9.192307692307692,
    "ochiai": 9.333333333333334,
    "gp13": 9.217948717948717,
    "op2": 7.858974358974359,
    "jaccard": 9.307692307692308,
    "russell": 10.051282051282051,
    "turantula": 9.525641025641026,
    "naish1": 10.948717948717949,
    "binary": 36.08974358974359,
    "crosstab": 24.525641025641026,
    "dstar2": 9.243589743589743
  }
}