{
  "pred_MAR_randomForestModel.json": {
    "dstar": 6.965525114155251,
    "ochiai": 6.951826484018265,
    "gp13": 6.965525114155251,
    "op2": 5.611643835616438,
    "jaccard": 6.9627853881278545,
    "russell": 8.610045662100456,
    "turantula": 7.001141552511416,
    "naish1": 10.743150684931507,
    "binary": 17.410958904109588,
    "crosstab": 10.216438356164383,
    "dstar2": 6.931278538812785
  }
}