{
  "pred_MAR_randomForestModel.json": {
    "dstar": 21.829545454545453,
    "ochiai": 21.852272727272727,
    "gp13": 21.90340909090909,
    "op2": 18.035227272727273,
    "jaccard": 21.78409090909091,
    "russell": 23.005681818181817,
    "turantula": 21.90340909090909,
    "naish1": 33.70454545454545,
    "binary": 43.27272727272727,
    "crosstab": 25.73409090909091,
    "dstar2": 21.772727272727273
  }
}