{
  "pred_MAR_randomForestModel.json": {
    "dstar": 7.078431372549019,
    "ochiai": 7.0588235294117645,
    "gp13": 7.372549019607843,
    "op2": 6.813725490196078,
    "jaccard": 7.0588235294117645,
    "russell": 8.127450980392158,
    "turantula": 7.088235294117647,
    "naish1": 14.764705882352942,
    "binary": 24.431372549019606,
    "crosstab": 15.970588235294118,
    "dstar2": 7.078431372549019
  }
}