{
  "pred_MAR_randomForestModel.json": {
    "dstar": 6.553333333333334,
    "ochiai": 6.446666666666666,
    "gp13": 6.933333333333333,
    "op2": 6.013333333333334,
    "jaccard": 6.306666666666667,
    "russell": 11.773333333333333,
    "turantula": 6.246666666666666,
    "naish1": 9.426666666666668,
    "binary": 30.913333333333334,
    "crosstab": 19.073333333333334,
    "dstar2": 6.486666666666666
  }
}