{
  "pred_MAR_randomForestModel.json": {
    "dstar": 5.884615384615385,
    "ochiai": 5.910256410256411,
    "gp13": 5.9743589743589745,
    "op2": 5.158119658119658,
    "jaccard": 5.910256410256411,
    "russell": 7.128205128205129,
    "turantula": 6.205128205128205,
    "naish1": 8.025641025641026,
    "binary": 36.06410256410256,
    "crosstab": 22.5,
    "dstar2": 5.897435897435898
  }
}