{
  "pred_MAR_randomForestModel.json": {
    "dstar": 4.066898148148148,
    "ochiai": 4.03912037037037,
    "gp13": 4.066898148148148,
    "op2": 3.779861111111111,
    "jaccard": 4.073842592592593,
    "russell": 5.8210648148148145,
    "turantula": 4.080787037037037,
    "naish1": 8.59375,
    "binary": 17.135416666666668,
    "crosstab": 9.20138888888889,
    "dstar2": 4.053009259259259
  }
}