{
  "pred_MAR_randomForestModel.json": {
    "dstar": 14.043181818181818,
    "ochiai": 14.06590909090909,
    "gp13": 14.060227272727273,
    "op2": 11.946590909090908,
    "jaccard": 14.06590909090909,
    "russell": 17.429545454545455,
    "turantula": 14.094318181818181,
    "naish1": 22.25,
    "binary": 42.77272727272727,
    "crosstab": 24.656818181818185,
    "dstar2": 14.088636363636363
  }
}