{
  "mbfl.json": {
    "dstar": 9.294117647058824,
    "ochiai": 6.0,
    "gp13": 6.235294117647059,
    "op2": 5.9411764705882355,
    "jaccard": 6.0,
    "russell": 7.0588235294117645,
    "turantula": 6.294117647058823,
    "naish1": 9.529411764705882,
    "binary": 23.823529411764707,
    "crosstab": 18.58823529411765
  },
  "sbfl.json": {
    "dstar": 2.6470588235294117,
    "ochiai": 2.4705882352941178,
    "gp13": 2.6470588235294117,
    "op2": 2.6470588235294117,
    "jaccard": 2.4705882352941178,
    "russell": 5.294117647058823,
    "turantula": 2.588235294117647,
    "naish1": 7.0588235294117645,
    "binary": 36.411764705882355,
    "crosstab": 11.470588235294118
  },
  "hmer.json": {
    "dstar": 0.47058823529411764,
    "ochiai": 0.4117647058823529,
    "gp13": 0.4117647058823529,
    "op2": 0.4117647058823529,
    "jaccard": 0.4117647058823529,
    "russell": 0.5294117647058824,
    "turantula": 0.4117647058823529,
    "naish1": 0.47058823529411764,
    "binary": 0.5294117647058824,
    "crosstab": 0.7058823529411765,
    "dstar2": 0.47058823529411764
  },
  "selective.json": {
    "dstar": 3.2941176470588234,
    "ochiai": 1.8235294117647058,
    "gp13": 1.8235294117647058,
    "op2": 1.8235294117647058,
    "jaccard": 1.8235294117647058,
    "russell": 2.235294117647059,
    "turantula": 1.8823529411764706,
    "naish1": 4.0588235294117645,
    "binary": 15.176470588235293,
    "crosstab": 12.647058823529411,
    "dstar2": 3.2941176470588234
  }
}