{
  "selective.json": {
    "dstar": 9.227272727272727,
    "ochiai": 4.954545454545454,
    "gp13": 4.7727272727272725,
    "op2": 4.2727272727272725,
    "jaccard": 4.954545454545454,
    "russell": 7.545454545454546,
    "turantula": 4.954545454545454,
    "naish1": 9.0,
    "binary": 36.0,
    "crosstab": 18.09090909090909,
    "dstar2": 9.136363636363637
  },
  "hmer.json": {
    "dstar": 2.1363636363636362,
    "ochiai": 1.3636363636363635,
    "gp13": 1.3636363636363635,
    "op2": 1.2727272727272727,
    "jaccard": 1.3636363636363635,
    "russell": 3.3636363636363638,
    "turantula": 1.3636363636363635,
    "naish1": 1.3636363636363635,
    "binary": 4.0,
    "crosstab": 4.318181818181818,
    "dstar2": 2.1363636363636362
  }
}