{
  "mbfl.json": {
    "dstar": 9.294117647058824,
    "ochiai": 6.0,
    "gp13": 6.235294117647059,
    "op2": 5.9411764705882355,
    "jaccard": 6.0,
    "russell": 7.0588235294117645,
    "turantula": 6.294117647058823,
    "naish1": 9.529411764705882,
    "binary": 23.823529411764707,
    "crosstab": 18.58823529411765
  },
  "sbfl.json": {
    "dstar": 2.6470588235294117,
    "ochiai": 2.4705882352941178,
    "gp13": 2.6470588235294117,
    "op2": 2.6470588235294117,
    "jaccard": 2.4705882352941178,
    "russell": 5.294117647058823,
    "turantula": 2.588235294117647,
    "naish1": 7.0588235294117645,
    "binary": 36.411764705882355,
    "crosstab": 11.470588235294118
  },
  "hmer.json": {
    "dstar": 0.47058823529411764,
    "ochiai": 0.4117647058823529,
    "gp13": 0.4117647058823529,
    "op2": 0.4117647058823529,
    "jaccard": 0.4117647058823529,
    "russell": 0.5294117647058824,
    "turantula": 0.4117647058823529,
    "naish1": 0.47058823529411764,
    "binary": 0.5294117647058824,
    "crosstab": 0.7058823529411765,
    "dstar2": 0.47058823529411764
  },
  "selective.json": {
    "dstar": 1.0588235294117647,
    "ochiai": 1.0588235294117647,
    "gp13": 1.0588235294117647,
    "op2": 0.6470588235294118,
    "jaccard": 1.0588235294117647,
    "russell": 1.1176470588235294,
    "turantula": 1.0588235294117647,
    "naish1": 3.235294117647059,
    "binary": 3.764705882352941,
    "crosstab": 1.411764705882353,
    "dstar2": 1.0588235294117647
  }
}