{
  "selective.json": {
    "dstar": 3.6818181818181817,
    "ochiai": 3.1818181818181817,
    "gp13": 3.1818181818181817,
    "op2": 3.090909090909091,
    "jaccard": 3.1818181818181817,
    "russell": 4.090909090909091,
    "turantula": 3.1818181818181817,
    "naish1": 3.1818181818181817,
    "binary": 10.318181818181818,
    "crosstab": 6.7272727272727275,
    "dstar2": 3.6818181818181817
  },
  "hmer.json": {
    "dstar": 2.1363636363636362,
    "ochiai": 1.3636363636363635,
    "gp13": 1.3636363636363635,
    "op2": 1.2727272727272727,
    "jaccard": 1.3636363636363635,
    "russell": 3.3636363636363638,
    "turantula": 1.3636363636363635,
    "naish1": 1.3636363636363635,
    "binary": 4.0,
    "crosstab": 4.318181818181818,
    "dstar2": 2.1363636363636362
  }
}