{
  "pred_MFR_randomForestModel.json": {
    "dstar": 1.736842105263158,
    "ochiai": 1.7894736842105263,
    "gp13": 1.736842105263158,
    "op2": 1.6578947368421053,
    "jaccard": 1.7894736842105263,
    "russell": 3.026315789473684,
    "turantula": 1.9736842105263157,
    "naish1": 2.5526315789473686,
    "binary": 35.44736842105263,
    "crosstab": 22.0,
    "dstar2": 1.7894736842105263
  }
}