{
  "pred_MFR_randomForestModel.json": {
    "dstar": 2.6164383561643834,
    "ochiai": 2.6164383561643834,
    "gp13": 2.6164383561643834,
    "op2": 2.547945205479452,
    "jaccard": 2.6164383561643834,
    "russell": 4.876712328767123,
    "turantula": 2.6027397260273974,
    "naish1": 7.342465753424658,
    "binary": 17.36986301369863,
    "crosstab": 9.10958904109589,
    "dstar2": 2.6164383561643834
  }
}