{
  "pred_MFR_randomForestModel.json": {
    "dstar": 10.045454545454545,
    "ochiai": 10.045454545454545,
    "gp13": 10.0,
    "op2": 9.5,
    "jaccard": 10.045454545454545,
    "russell": 13.363636363636363,
    "turantula": 10.045454545454545,
    "naish1": 22.272727272727273,
    "binary": 42.81818181818182,
    "crosstab": 21.818181818181817,
    "dstar2": 9.954545454545455
  }
}