{
  "pred_MAR_randomForestModel.json": {
    "dstar": 6.921568627450981,
    "ochiai": 6.882352941176471,
    "gp13": 7.215686274509804,
    "op2": 6.803921568627452,
    "jaccard": 6.882352941176471,
    "russell": 7.872549019607844,
    "turantula": 6.852941176470588,
    "naish1": 13.823529411764707,
    "binary": 24.137254901960784,
    "crosstab": 16.18627450980392,
    "dstar2": 6.921568627450981
  }
}