{
  "pred_MAR_randomForestModel.json": {
    "dstar": 6.166666666666666,
    "ochiai": 6.073333333333334,
    "gp13": 6.246666666666666,
    "op2": 5.426666666666666,
    "jaccard": 6.1066666666666665,
    "russell": 11.993333333333332,
    "turantula": 6.026666666666666,
    "naish1": 7.646666666666667,
    "binary": 30.906666666666666,
    "crosstab": 18.906666666666666,
    "dstar2": 6.1
  }
}