{
  "pred_MAR_randomForestModel.json": {
    "dstar": 6.004385964912281,
    "ochiai": 5.978070175438596,
    "gp13": 5.964912280701754,
    "op2": 5.074561403508772,
    "jaccard": 6.004385964912281,
    "russell": 7.434210526315789,
    "turantula": 6.3464912280701755,
    "naish1": 6.899122807017543,
    "binary": 37.14473684210526,
    "crosstab": 22.842105263157894,
    "dstar2": 6.004385964912281
  }
}