{
  "pred_MAR_randomForestModel.json": {
    "dstar": 4.004337899543379,
    "ochiai": 3.9906392694063926,
    "gp13": 4.004337899543379,
    "op2": 3.7623287671232872,
    "jaccard": 3.9906392694063926,
    "russell": 6.0084474885844745,
    "turantula": 3.9509132420091317,
    "naish1": 8.448630136986301,
    "binary": 17.482191780821918,
    "crosstab": 9.965753424657533,
    "dstar2": 4.004337899543379
  }
}