{
  "pred_MAR_randomForestModel.json": {
    "dstar": 13.805681818181819,
    "ochiai": 13.719318181818181,
    "gp13": 13.6,
    "op2": 11.985227272727274,
    "jaccard": 13.685227272727273,
    "russell": 17.023863636363636,
    "turantula": 13.696590909090908,
    "naish1": 19.40340909090909,
    "binary": 42.72727272727273,
    "crosstab": 24.155681818181815,
    "dstar2": 13.793181818181818
  }
}