{
  "pred_MFR_randomForestModel.json": {
    "dstar": 6.235294117647059,
    "ochiai": 6.176470588235294,
    "gp13": 6.529411764705882,
    "op2": 6.0588235294117645,
    "jaccard": 6.176470588235294,
    "russell": 7.117647058823529,
    "turantula": 6.294117647058823,
    "naish1": 14.764705882352942,
    "binary": 24.294117647058822,
    "crosstab": 15.294117647058824,
    "dstar2": 6.235294117647059
  }
}