{
  "pred_MFR_randomForestModel.json": {
    "dstar": 1.7435897435897436,
    "ochiai": 1.794871794871795,
    "gp13": 1.7435897435897436,
    "op2": 1.6666666666666667,
    "jaccard": 1.794871794871795,
    "russell": 2.769230769230769,
    "turantula": 1.9487179487179487,
    "naish1": 2.5384615384615383,
    "binary": 34.30769230769231,
    "crosstab": 23.0,
    "dstar2": 1.794871794871795
  }
}