{
  "pred_MFR_randomForestModel.json": {
    "dstar": 3.8493150684931505,
    "ochiai": 3.8219178082191783,
    "gp13": 3.8493150684931505,
    "op2": 3.4246575342465753,
    "jaccard": 3.835616438356164,
    "russell": 5.904109589041096,
    "turantula": 3.904109589041096,
    "naish1": 9.013698630136986,
    "binary": 17.328767123287673,
    "crosstab": 8.835616438356164,
    "dstar2": 3.8493150684931505
  }
}