{
  "pred_MFR_randomForestModel.json": {
    "dstar": 15.0,
    "ochiai": 15.272727272727273,
    "gp13": 15.181818181818182,
    "op2": 13.136363636363637,
    "jaccard": 15.227272727272727,
    "russell": 17.227272727272727,
    "turantula": 15.227272727272727,
    "naish1": 29.227272727272727,
    "binary": 42.81818181818182,
    "crosstab": 22.181818181818183,
    "dstar2": 15.045454545454545
  }
}