{
  "pred_MFR_randomForestModel.json": {
    "dstar": 7.117647058823529,
    "ochiai": 6.823529411764706,
    "gp13": 7.294117647058823,
    "op2": 6.823529411764706,
    "jaccard": 6.823529411764706,
    "russell": 7.647058823529412,
    "turantula": 6.823529411764706,
    "naish1": 15.411764705882353,
    "binary": 24.470588235294116,
    "crosstab": 15.117647058823529,
    "dstar2": 6.882352941176471
  }
}