{
  "pred_MFR_randomForestModel.json": {
    "dstar": 9.076923076923077,
    "ochiai": 9.128205128205128,
    "gp13": 9.076923076923077,
    "op2": 8.282051282051283,
    "jaccard": 9.153846153846153,
    "russell": 9.58974358974359,
    "turantula": 9.307692307692308,
    "naish1": 9.897435897435898,
    "binary": 34.43589743589744,
    "crosstab": 24.333333333333332,
    "dstar2": 9.128205128205128
  }
}