{
  "pred_MFR_randomForestModel.json": {
    "dstar": 4.424657534246576,
    "ochiai": 4.397260273972603,
    "gp13": 4.424657534246576,
    "op2": 3.6301369863013697,
    "jaccard": 4.410958904109589,
    "russell": 6.301369863013699,
    "turantula": 4.47945205479452,
    "naish1": 9.767123287671232,
    "binary": 17.493150684931507,
    "crosstab": 8.931506849315069,
    "dstar2": 4.383561643835616
  }
}