{
  "pred_MFR_randomForestModel.json": {
    "dstar": 12.454545454545455,
    "ochiai": 12.727272727272727,
    "gp13": 12.454545454545455,
    "op2": 10.727272727272727,
    "jaccard": 12.636363636363637,
    "russell": 14.590909090909092,
    "turantula": 12.636363636363637,
    "naish1": 26.863636363636363,
    "binary": 44.22727272727273,
    "crosstab": 24.5,
    "dstar2": 12.590909090909092
  }
}