{
  "pred_MFR_randomForestModel.json": {
    "dstar": 7.0,
    "ochiai": 6.823529411764706,
    "gp13": 7.176470588235294,
    "op2": 6.529411764705882,
    "jaccard": 6.823529411764706,
    "russell": 7.529411764705882,
    "turantula": 6.882352941176471,
    "naish1": 15.411764705882353,
    "binary": 24.647058823529413,
    "crosstab": 14.764705882352942,
    "dstar2": 7.0
  }
}