{
  "pred_MFR_randomForestModel.json": {
    "dstar": 6.17948717948718,
    "ochiai": 6.384615384615385,
    "gp13": 6.153846153846154,
    "op2": 5.282051282051282,
    "jaccard": 6.358974358974359,
    "russell": 6.9743589743589745,
    "turantula": 6.384615384615385,
    "naish1": 6.9743589743589745,
    "binary": 34.48717948717949,
    "crosstab": 23.666666666666668,
    "dstar2": 6.230769230769231
  }
}