{
  "pred_MFR_randomForestModel.json": {
    "dstar": 4.602739726027397,
    "ochiai": 4.589041095890411,
    "gp13": 4.602739726027397,
    "op2": 3.808219178082192,
    "jaccard": 4.602739726027397,
    "russell": 6.438356164383562,
    "turantula": 4.6438356164383565,
    "naish1": 9.945205479452055,
    "binary": 17.34246575342466,
    "crosstab": 9.0,
    "dstar2": 4.561643835616438
  }
}