{
  "pred_MFR_randomForestModel.json": {
    "dstar": 16.545454545454547,
    "ochiai": 16.681818181818183,
    "gp13": 16.681818181818183,
    "op2": 14.409090909090908,
    "jaccard": 16.59090909090909,
    "russell": 17.90909090909091,
    "turantula": 16.818181818181817,
    "naish1": 33.04545454545455,
    "binary": 43.22727272727273,
    "crosstab": 22.681818181818183,
    "dstar2": 16.5
  }
}