{
  "mbfl.json": {
    "dstar": 6.706666666666667,
    "ochiai": 6.133333333333334,
    "gp13": 6.12,
    "op2": 5.48,
    "jaccard": 6.093333333333334,
    "russell": 12.173333333333332,
    "turantula": 6.093333333333334,
    "naish1": 6.26,
    "binary": 31.2,
    "crosstab": 22.233333333333334
  },
  "sbfl.json": {
    "dstar": 9.02,
    "ochiai": 9.04,
    "gp13": 8.8,
    "op2": 8.8,
    "jaccard": 9.1,
    "russell": 17.86,
    "turantula": 9.1,
    "naish1": 11.46,
    "binary": 43.4,
    "crosstab": 22.4
  },
  "hmer.json": {
    "dstar": 1.5466666666666669,
    "ochiai": 1.6666666666666665,
    "gp13": 1.7466666666666666,
    "op2": 1.6266666666666665,
    "jaccard": 1.6666666666666665,
    "russell": 2.393333333333333,
    "turantula": 1.6466666666666665,
    "naish1": 1.9666666666666668,
    "binary": 2.753333333333334,
    "crosstab": 2.646666666666667,
    "dstar2": 1.5066666666666668
  }
}