{
  "pred_MFR_randomForestModel.json": {
    "dstar": 6.117647058823529,
    "ochiai": 6.0588235294117645,
    "gp13": 6.411764705882353,
    "op2": 6.117647058823529,
    "jaccard": 6.0588235294117645,
    "russell": 7.0,
    "turantula": 6.176470588235294,
    "naish1": 13.117647058823529,
    "binary": 24.0,
    "crosstab": 15.529411764705882,
    "dstar2": 6.117647058823529
  }
}