{
  "pred_MFR_randomForestModel.json": {
    "dstar": 2.73972602739726,
    "ochiai": 2.7260273972602738,
    "gp13": 2.73972602739726,
    "op2": 2.684931506849315,
    "jaccard": 2.7260273972602738,
    "russell": 4.917808219178082,
    "turantula": 2.684931506849315,
    "naish1": 7.465753424657534,
    "binary": 17.424657534246574,
    "crosstab": 9.465753424657533,
    "dstar2": 2.73972602739726
  }
}