{
  "pred_MFR_randomForestModel.json": {
    "dstar": 10.318181818181818,
    "ochiai": 10.318181818181818,
    "gp13": 10.090909090909092,
    "op2": 9.636363636363637,
    "jaccard": 10.318181818181818,
    "russell": 13.545454545454545,
    "turantula": 10.363636363636363,
    "naish1": 16.954545454545453,
    "binary": 42.54545454545455,
    "crosstab": 21.863636363636363,
    "dstar2": 10.318181818181818
  }
}