{
  "mbfl.json": {
    "dstar": 9.558823529411764,
    "ochiai": 6.892156862745098,
    "gp13": 7.088235294117647,
    "op2": 6.705882352941177,
    "jaccard": 6.892156862745098,
    "russell": 7.950980392156864,
    "turantula": 7.0,
    "naish1": 10.058823529411764,
    "binary": 23.96078431372549,
    "crosstab": 18.77450980392157
  },
  "sbfl.json": {
    "dstar": 3.1372549019607843,
    "ochiai": 2.9705882352941178,
    "gp13": 3.196078431372549,
    "op2": 3.196078431372549,
    "jaccard": 2.950980392156863,
    "russell": 5.862745098039216,
    "turantula": 2.9411764705882355,
    "naish1": 8.862745098039216,
    "binary": 36.411764705882355,
    "crosstab": 12.558823529411764
  },
  "hmer.json": {
    "dstar": 16.529411764705884,
    "ochiai": 16.441176470588236,
    "gp13": 16.441176470588236,
    "op2": 16.441176470588236,
    "jaccard": 16.441176470588236,
    "russell": 16.529411764705884,
    "turantula": 16.441176470588236,
    "naish1": 16.490196078431374,
    "binary": 16.490196078431374,
    "crosstab": 16.676470588235293,
    "dstar2": 16.529411764705884
  },
  "selective.json": {
    "dstar": 12.323529411764707,
    "ochiai": 10.274509803921568,
    "gp13": 10.470588235294118,
    "op2": 9.852941176470589,
    "jaccard": 10.274509803921568,
    "russell": 11.333333333333332,
    "turantula": 10.352941176470589,
    "naish1": 13.411764705882353,
    "binary": 23.254901960784313,
    "crosstab": 17.950980392156865,
    "dstar2": 12.323529411764707
  }
}