{
  "mbfl.json": {
    "dstar": 12.957264957264957,
    "ochiai": 5.67094017094017,
    "gp13": 5.658119658119658,
    "op2": 4.739316239316239,
    "jaccard": 5.67094017094017,
    "russell": 7.282051282051282,
    "turantula": 5.9914529914529915,
    "naish1": 5.4401709401709395,
    "binary": 36.14102564102564,
    "crosstab": 22.115384615384617
  },
  "sbfl.json": {
    "dstar": 7.4444444444444455,
    "ochiai": 7.585470085470086,
    "gp13": 7.405982905982907,
    "op2": 4.829059829059829,
    "jaccard": 7.521367521367522,
    "russell": 10.128205128205128,
    "turantula": 7.893162393162394,
    "naish1": 21.615384615384617,
    "binary": 48.30769230769231,
    "crosstab": 9.995726495726496
  },
  "hmer.json": {
    "dstar": 20.45299145299145,
    "ochiai": 20.45299145299145,
    "gp13": 20.45299145299145,
    "op2": 20.427350427350426,
    "jaccard": 20.504273504273502,
    "russell": 20.5982905982906,
    "turantula": 20.529914529914528,
    "naish1": 20.45299145299145,
    "binary": 21.123931623931625,
    "crosstab": 20.803418803418804,
    "dstar2": 20.45299145299145
  },
  "selective.json": {
    "dstar": 10.367521367521366,
    "ochiai": 5.247863247863248,
    "gp13": 5.222222222222222,
    "op2": 4.2393162393162385,
    "jaccard": 5.247863247863248,
    "russell": 6.4743589743589745,
    "turantula": 5.568376068376068,
    "naish1": 4.888888888888888,
    "binary": 31.192307692307693,
    "crosstab": 18.525641025641026,
    "dstar2": 10.367521367521366
  }
}