{
  "selective.json": {
    "dstar": 13.431818181818182,
    "ochiai": 8.409090909090908,
    "gp13": 8.25,
    "op2": 6.484090909090909,
    "jaccard": 8.409090909090908,
    "russell": 11.863636363636363,
    "turantula": 8.409090909090908,
    "naish1": 13.068181818181818,
    "binary": 39.22727272727273,
    "crosstab": 22.875,
    "dstar2": 13.454545454545455
  },
  "hmer.json": {
    "dstar": 29.443181818181817,
    "ochiai": 29.261363636363637,
    "gp13": 29.261363636363637,
    "op2": 29.056818181818183,
    "jaccard": 29.261363636363637,
    "russell": 29.443181818181817,
    "turantula": 29.261363636363637,
    "naish1": 29.261363636363637,
    "binary": 29.681818181818183,
    "crosstab": 29.602272727272727,
    "dstar2": 29.443181818181817
  }
}