{
  "mbfl.json": {
    "dstar": 9.294117647058824,
    "ochiai": 6.0,
    "gp13": 6.235294117647059,
    "op2": 5.9411764705882355,
    "jaccard": 6.0,
    "russell": 7.0588235294117645,
    "turantula": 6.294117647058823,
    "naish1": 9.529411764705882,
    "binary": 23.823529411764707,
    "crosstab": 18.58823529411765
  },
  "sbfl.json": {
    "dstar": 2.6470588235294117,
    "ochiai": 2.4705882352941178,
    "gp13": 2.6470588235294117,
    "op2": 2.6470588235294117,
    "jaccard": 2.4705882352941178,
    "russell": 5.294117647058823,
    "turantula": 2.588235294117647,
    "naish1": 7.0588235294117645,
    "binary": 36.411764705882355,
    "crosstab": 11.470588235294118
  },
  "hmer.json": {
    "dstar": 0.23529411764705882,
    "ochiai": 0.11764705882352941,
    "gp13": 0.11764705882352941,
    "op2": 0.11764705882352941,
    "jaccard": 0.11764705882352941,
    "russell": 0.23529411764705882,
    "turantula": 0.11764705882352941,
    "naish1": 0.17647058823529413,
    "binary": 0.17647058823529413,
    "crosstab": 0.35294117647058826,
    "dstar2": 0.23529411764705882
  }
}