{
  "selective.json": {
    "dstar": 6.590909090909091,
    "ochiai": 4.409090909090909,
    "gp13": 4.090909090909091,
    "op2": 3.3636363636363638,
    "jaccard": 4.409090909090909,
    "russell": 6.7727272727272725,
    "turantula": 4.409090909090909,
    "naish1": 5.5,
    "binary": 30.181818181818183,
    "crosstab": 15.909090909090908,
    "dstar2": 6.590909090909091
  },
  "hmer.json": {
    "dstar": 0.8636363636363636,
    "ochiai": 0.6363636363636364,
    "gp13": 0.6363636363636364,
    "op2": 0.5,
    "jaccard": 0.6363636363636364,
    "russell": 0.9545454545454546,
    "turantula": 0.6363636363636364,
    "naish1": 0.6363636363636364,
    "binary": 1.3181818181818181,
    "crosstab": 1.2727272727272727,
    "dstar2": 0.8636363636363636
  }
}