{
  "mbfl.json": {
    "dstar": 6.706666666666667,
    "ochiai": 6.133333333333334,
    "gp13": 6.12,
    "op2": 5.48,
    "jaccard": 6.093333333333334,
    "russell": 12.173333333333332,
    "turantula": 6.093333333333334,
    "naish1": 6.26,
    "binary": 31.2,
    "crosstab": 22.233333333333334
  },
  "sbfl.json": {
    "dstar": 9.02,
    "ochiai": 9.04,
    "gp13": 8.8,
    "op2": 8.8,
    "jaccard": 9.1,
    "russell": 17.86,
    "turantula": 9.1,
    "naish1": 11.46,
    "binary": 43.4,
    "crosstab": 22.4
  },
  "hmer.json": {
    "dstar": 1.7066666666666668,
    "ochiai": 1.9466666666666668,
    "gp13": 2.026666666666667,
    "op2": 1.5466666666666669,
    "jaccard": 1.9466666666666668,
    "russell": 2.106666666666667,
    "turantula": 1.9266666666666667,
    "naish1": 2.0866666666666664,
    "binary": 1.886666666666667,
    "crosstab": 1.4666666666666668,
    "dstar2": 1.666666666666667
  }
}