{
  "mbfl.json": {
    "dstar": 12.957264957264957,
    "ochiai": 5.67094017094017,
    "gp13": 5.658119658119658,
    "op2": 4.739316239316239,
    "jaccard": 5.67094017094017,
    "russell": 7.282051282051282,
    "turantula": 5.9914529914529915,
    "naish1": 5.4401709401709395,
    "binary": 36.14102564102564,
    "crosstab": 22.115384615384617
  },
  "sbfl.json": {
    "dstar": 7.4444444444444455,
    "ochiai": 7.585470085470086,
    "gp13": 7.405982905982907,
    "op2": 4.829059829059829,
    "jaccard": 7.521367521367522,
    "russell": 10.128205128205128,
    "turantula": 7.893162393162394,
    "naish1": 21.615384615384617,
    "binary": 48.30769230769231,
    "crosstab": 9.995726495726496
  },
  "hmer.json": {
    "dstar": 0.35470085470085466,
    "ochiai": 0.40598290598290593,
    "gp13": 0.40598290598290593,
    "op2": 0.40598290598290593,
    "jaccard": 0.45726495726495725,
    "russell": 0.7307692307692307,
    "turantula": 0.48290598290598286,
    "naish1": 0.4316239316239316,
    "binary": 1.1538461538461537,
    "crosstab": 0.9102564102564102,
    "dstar2": 0.35470085470085466
  }
}