{
  "selective.json": {
    "dstar": 9.355681818181818,
    "ochiai": 7.321590909090909,
    "gp13": 7.1284090909090905,
    "op2": 5.4772727272727275,
    "jaccard": 7.321590909090909,
    "russell": 9.679545454545455,
    "turantula": 7.327272727272727,
    "naish1": 9.810227272727273,
    "binary": 30.5,
    "crosstab": 18.12727272727273,
    "dstar2": 9.332954545454545
  },
  "hmer.json": {
    "dstar": 1.2159090909090908,
    "ochiai": 0.9886363636363636,
    "gp13": 0.9886363636363636,
    "op2": 0.8068181818181818,
    "jaccard": 0.9886363636363636,
    "russell": 1.3068181818181819,
    "turantula": 0.9886363636363636,
    "naish1": 0.9886363636363636,
    "binary": 1.6363636363636365,
    "crosstab": 1.5795454545454546,
    "dstar2": 1.2159090909090908
  }
}