{
  "mbfl.json": {
    "dstar": 6.706666666666667,
    "ochiai": 6.133333333333334,
    "gp13": 6.12,
    "op2": 5.48,
    "jaccard": 6.093333333333334,
    "russell": 12.173333333333332,
    "turantula": 6.093333333333334,
    "naish1": 6.26,
    "binary": 31.2,
    "crosstab": 22.233333333333334
  },
  "sbfl.json": {
    "dstar": 9.02,
    "ochiai": 9.04,
    "gp13": 8.8,
    "op2": 8.8,
    "jaccard": 9.1,
    "russell": 17.86,
    "turantula": 9.1,
    "naish1": 11.46,
    "binary": 43.4,
    "crosstab": 22.4
  },
  "hmer.json": {
    "dstar": 1.9866666666666666,
    "ochiai": 2.1066666666666665,
    "gp13": 2.1466666666666665,
    "op2": 1.7866666666666668,
    "jaccard": 2.1066666666666665,
    "russell": 2.4466666666666668,
    "turantula": 2.0866666666666664,
    "naish1": 2.2866666666666666,
    "binary": 2.54,
    "crosstab": 2.166666666666667,
    "dstar2": 1.9466666666666665
  }
}