{
  "mbfl.json": {
    "dstar": 12.957264957264957,
    "ochiai": 5.67094017094017,
    "gp13": 5.658119658119658,
    "op2": 4.739316239316239,
    "jaccard": 5.67094017094017,
    "russell": 7.282051282051282,
    "turantula": 5.9914529914529915,
    "naish1": 5.4401709401709395,
    "binary": 36.14102564102564,
    "crosstab": 22.115384615384617
  },
  "sbfl.json": {
    "dstar": 7.4444444444444455,
    "ochiai": 7.585470085470086,
    "gp13": 7.405982905982907,
    "op2": 4.829059829059829,
    "jaccard": 7.521367521367522,
    "russell": 10.128205128205128,
    "turantula": 7.893162393162394,
    "naish1": 21.615384615384617,
    "binary": 48.30769230769231,
    "crosstab": 9.995726495726496
  },
  "hmer.json": {
    "dstar": 0.5384615384615384,
    "ochiai": 0.6111111111111112,
    "gp13": 0.6111111111111112,
    "op2": 0.6111111111111112,
    "jaccard": 0.6623931623931625,
    "russell": 1.1153846153846154,
    "turantula": 0.6880341880341881,
    "naish1": 0.6367521367521368,
    "binary": 1.5128205128205128,
    "crosstab": 1.3205128205128205,
    "dstar2": 0.5384615384615384
  }
}