{
  "selective.json": {
    "dstar": 9.355681818181818,
    "ochiai": 7.321590909090909,
    "gp13": 7.1284090909090905,
    "op2": 5.4772727272727275,
    "jaccard": 7.321590909090909,
    "russell": 9.679545454545455,
    "turantula": 7.327272727272727,
    "naish1": 9.810227272727273,
    "binary": 30.5,
    "crosstab": 18.12727272727273,
    "dstar2": 9.332954545454545
  },
  "hmer.json": {
    "dstar": 1.9715909090909092,
    "ochiai": 1.5852272727272727,
    "gp13": 1.5852272727272727,
    "op2": 1.2670454545454546,
    "jaccard": 1.5909090909090908,
    "russell": 2.585227272727273,
    "turantula": 1.5909090909090908,
    "naish1": 1.7670454545454546,
    "binary": 3.6306818181818183,
    "crosstab": 2.903409090909091,
    "dstar2": 1.9715909090909092
  }
}