{
  "mbfl.json": {
    "dstar": 11.025641025641026,
    "ochiai": 1.5897435897435896,
    "gp13": 1.5897435897435896,
    "op2": 1.5128205128205128,
    "jaccard": 1.5897435897435896,
    "russell": 3.1538461538461537,
    "turantula": 1.8461538461538463,
    "naish1": 2.358974358974359,
    "binary": 34.53846153846154,
    "crosstab": 20.974358974358974
  },
  "sbfl.json": {
    "dstar": 2.5641025641025643,
    "ochiai": 2.717948717948718,
    "gp13": 2.5384615384615383,
    "op2": 2.5384615384615383,
    "jaccard": 2.6666666666666665,
    "russell": 5.512820512820513,
    "turantula": 3.128205128205128,
    "naish1": 18.58974358974359,
    "binary": 48.0,
    "crosstab": 8.0
  },
  "hmer.json": {
    "dstar": 17.487179487179485,
    "ochiai": 17.46153846153846,
    "gp13": 17.46153846153846,
    "op2": 17.41025641025641,
    "jaccard": 17.512820512820515,
    "russell": 17.666666666666668,
    "turantula": 17.53846153846154,
    "naish1": 17.46153846153846,
    "binary": 18.256410256410255,
    "crosstab": 17.871794871794872,
    "dstar2": 17.487179487179485
  },
  "selective.json": {
    "dstar": 15.58974358974359,
    "ochiai": 10.128205128205128,
    "gp13": 10.051282051282051,
    "op2": 8.923076923076923,
    "jaccard": 10.128205128205128,
    "russell": 10.820512820512821,
    "turantula": 10.256410256410257,
    "naish1": 10.692307692307692,
    "binary": 32.61538461538461,
    "crosstab": 21.28205128205128,
    "dstar2": 15.58974358974359
  }
}