{
  "mbfl.json": {
    "dstar": 6.767123287671233,
    "ochiai": 2.712328767123288,
    "gp13": 2.7260273972602738,
    "op2": 2.671232876712329,
    "jaccard": 2.712328767123288,
    "russell": 4.945205479452055,
    "turantula": 2.7260273972602738,
    "naish1": 7.041095890410959,
    "binary": 17.232876712328768,
    "crosstab": 10.506849315068493
  },
  "sbfl.json": {
    "dstar": 3.7534246575342465,
    "ochiai": 3.73972602739726,
    "gp13": 3.7945205479452055,
    "op2": 3.7945205479452055,
    "jaccard": 3.7260273972602738,
    "russell": 7.493150684931507,
    "turantula": 3.767123287671233,
    "naish1": 9.36986301369863,
    "binary": 24.73972602739726,
    "crosstab": 9.356164383561644
  },
  "hmer.json": {
    "dstar": 10.506849315068493,
    "ochiai": 10.41095890410959,
    "gp13": 10.41095890410959,
    "op2": 10.41095890410959,
    "jaccard": 10.41095890410959,
    "russell": 11.027397260273972,
    "turantula": 10.41095890410959,
    "naish1": 10.698630136986301,
    "binary": 11.493150684931507,
    "crosstab": 11.26027397260274,
    "dstar2": 10.506849315068493
  },
  "selective.json": {
    "dstar": 11.273972602739725,
    "ochiai": 9.808219178082192,
    "gp13": 9.808219178082192,
    "op2": 9.643835616438356,
    "jaccard": 9.808219178082192,
    "russell": 10.863013698630137,
    "turantula": 9.808219178082192,
    "naish1": 11.150684931506849,
    "binary": 16.438356164383563,
    "crosstab": 13.561643835616438,
    "dstar2": 11.273972602739725
  }
}