{
  "selective.json": {
    "dstar": 20.045454545454547,
    "ochiai": 18.318181818181817,
    "gp13": 18.0,
    "op2": 17.181818181818183,
    "jaccard": 18.318181818181817,
    "russell": 19.772727272727273,
    "turantula": 18.318181818181817,
    "naish1": 19.09090909090909,
    "binary": 34.0,
    "crosstab": 25.318181818181817,
    "dstar2": 20.045454545454547
  },
  "hmer.json": {
    "dstar": 27.636363636363637,
    "ochiai": 27.454545454545453,
    "gp13": 27.454545454545453,
    "op2": 27.045454545454547,
    "jaccard": 27.454545454545453,
    "russell": 27.636363636363637,
    "turantula": 27.454545454545453,
    "naish1": 27.454545454545453,
    "binary": 27.772727272727273,
    "crosstab": 27.59090909090909,
    "dstar2": 27.636363636363637
  }
}