{
  "pred_MAR_randomForestModel.json": {
    "dstar": 8.450980392156865,
    "ochiai": 8.372549019607844,
    "gp13": 8.686274509803923,
    "op2": 7.950980392156864,
    "jaccard": 8.372549019607844,
    "russell": 9.215686274509805,
    "turantula": 8.313725490196077,
    "naish1": 15.441176470588236,
    "binary": 24.450980392156865,
    "crosstab": 16.509803921568626,
    "dstar2": 8.411764705882353
  }
}