{
  "pred_MAR_randomForestModel.json": {
    "dstar": 7.32,
    "ochiai": 7.3133333333333335,
    "gp13": 7.88,
    "op2": 6.72,
    "jaccard": 7.286666666666666,
    "russell": 12.24,
    "turantula": 7.226666666666667,
    "naish1": 13.366666666666665,
    "binary": 31.1,
    "crosstab": 19.686666666666667,
    "dstar2": 7.333333333333334
  }
}