{
  "pred_MAR_randomForestModel.json": {
    "dstar": 5.871794871794871,
    "ochiai": 5.948717948717949,
    "gp13": 5.961538461538462,
    "op2": 5.200854700854701,
    "jaccard": 5.948717948717949,
    "russell": 6.961538461538462,
    "turantula": 6.205128205128205,
    "naish1": 8.012820512820513,
    "binary": 35.93589743589744,
    "crosstab": 23.405982905982906,
    "dstar2": 5.935897435897436
  }
}