{
  "pred_MAR_randomForestModel.json": {
    "dstar": 6.151598173515981,
    "ochiai": 6.131050228310501,
    "gp13": 6.151598173515981,
    "op2": 5.165296803652968,
    "jaccard": 6.144748858447488,
    "russell": 8.0324200913242,
    "turantula": 6.2063926940639265,
    "naish1": 9.767123287671232,
    "binary": 17.42054794520548,
    "crosstab": 10.050228310502284,
    "dstar2": 6.151598173515981
  }
}