{
  "pred_MAR_randomForestModel.json": {
    "dstar": 19.172727272727272,
    "ochiai": 19.24772727272727,
    "gp13": 19.25227272727273,
    "op2": 15.707954545454545,
    "jaccard": 19.269318181818182,
    "russell": 21.134090909090908,
    "turantula": 19.196590909090908,
    "naish1": 29.25,
    "binary": 42.95454545454545,
    "crosstab": 24.61704545454546,
    "dstar2": 19.21818181818182
  }
}