{
  "pred_MAR_randomForestModel.json": {
    "dstar": 12.098039215686274,
    "ochiai": 12.019607843137255,
    "gp13": 12.117647058823529,
    "op2": 10.00980392156863,
    "jaccard": 12.019607843137255,
    "russell": 12.450980392156863,
    "turantula": 11.941176470588236,
    "naish1": 16.764705882352942,
    "binary": 24.470588235294116,
    "crosstab": 17.617647058823525,
    "dstar2": 12.058823529411764
  }
}