{
  "pred_MAR_randomForestModel.json": {
    "dstar": 14.14,
    "ochiai": 14.126666666666667,
    "gp13": 14.24,
    "op2": 11.76,
    "jaccard": 14.106666666666667,
    "russell": 16.126666666666665,
    "turantula": 14.086666666666668,
    "naish1": 20.68,
    "binary": 30.853333333333335,
    "crosstab": 21.72666666666667,
    "dstar2": 14.106666666666667
  }
}