{
  "pred_MAR_randomForestModel.json": {
    "dstar": 10.14102564102564,
    "ochiai": 10.23076923076923,
    "gp13": 10.102564102564102,
    "op2": 8.931623931623932,
    "jaccard": 10.192307692307692,
    "russell": 10.461538461538462,
    "turantula": 10.320512820512821,
    "naish1": 14.41025641025641,
    "binary": 35.91025641025641,
    "crosstab": 25.987179487179485,
    "dstar2": 10.205128205128204
  }
}