{
  "pred_MAR_randomForestModel.json": {
    "dstar": 7.970319634703197,
    "ochiai": 7.997716894977169,
    "gp13": 7.970319634703197,
    "op2": 6.429223744292238,
    "jaccard": 7.997716894977169,
    "russell": 9.80593607305936,
    "turantula": 8.045662100456621,
    "naish1": 11.17123287671233,
    "binary": 17.493150684931507,
    "crosstab": 10.938812785388128,
    "dstar2": 7.984018264840183
  }
}