{
  "pred_MAR_randomForestModel.json": {
    "dstar": 24.15909090909091,
    "ochiai": 24.136363636363637,
    "gp13": 24.204545454545453,
    "op2": 20.554545454545455,
    "jaccard": 24.15909090909091,
    "russell": 25.022727272727273,
    "turantula": 24.113636363636363,
    "naish1": 33.75,
    "binary": 43.81818181818182,
    "crosstab": 28.75909090909091,
    "dstar2": 24.15909090909091
  }
}