{
  "selective.json": {
    "dstar": 12.389772727272726,
    "ochiai": 8.310227272727273,
    "gp13": 8.247727272727273,
    "op2": 6.5125,
    "jaccard": 8.310227272727273,
    "russell": 10.821590909090908,
    "turantula": 8.31590909090909,
    "naish1": 14.026136363636363,
    "binary": 36.375,
    "crosstab": 20.360227272727272,
    "dstar2": 12.281818181818181
  },
  "hmer.json": {
    "dstar": 2.9545454545454546,
    "ochiai": 2.1818181818181817,
    "gp13": 2.1818181818181817,
    "op2": 1.9090909090909092,
    "jaccard": 2.1818181818181817,
    "russell": 4.181818181818182,
    "turantula": 2.1818181818181817,
    "naish1": 2.1818181818181817,
    "binary": 4.681818181818182,
    "crosstab": 4.954545454545454,
    "dstar2": 2.9545454545454546
  }
}