{
  "selective.json": {
    "dstar": 6.045454545454546,
    "ochiai": 5.090909090909091,
    "gp13": 4.863636363636363,
    "op2": 4.045454545454546,
    "jaccard": 5.045454545454546,
    "russell": 5.909090909090909,
    "turantula": 5.045454545454546,
    "naish1": 7.5,
    "binary": 18.363636363636363,
    "crosstab": 6.681818181818182,
    "dstar2": 6.090909090909091
  },
  "hmer.json": {
    "dstar": 2.1363636363636362,
    "ochiai": 1.3636363636363635,
    "gp13": 1.3636363636363635,
    "op2": 1.2727272727272727,
    "jaccard": 1.3636363636363635,
    "russell": 3.3636363636363638,
    "turantula": 1.3636363636363635,
    "naish1": 1.3636363636363635,
    "binary": 4.0,
    "crosstab": 4.318181818181818,
    "dstar2": 2.1363636363636362
  }
}