{
  "pred_MFR_randomForestModel.json": {
    "dstar": 6.176470588235294,
    "ochiai": 6.117647058823529,
    "gp13": 6.411764705882353,
    "op2": 5.764705882352941,
    "jaccard": 6.117647058823529,
    "russell": 7.0588235294117645,
    "turantula": 6.352941176470588,
    "naish1": 13.352941176470589,
    "binary": 24.11764705882353,
    "crosstab": 15.235294117647058,
    "dstar2": 6.176470588235294
  }
}