{
  "pred_MFR_randomForestModel.json": {
    "dstar": 1.8157894736842106,
    "ochiai": 1.8157894736842106,
    "gp13": 1.8157894736842106,
    "op2": 1.736842105263158,
    "jaccard": 1.8421052631578947,
    "russell": 3.210526315789474,
    "turantula": 2.0789473684210527,
    "naish1": 2.6315789473684212,
    "binary": 35.421052631578945,
    "crosstab": 21.894736842105264,
    "dstar2": 1.8157894736842106
  }
}