{
  "pred_MFR_randomForestModel.json": {
    "dstar": 2.6301369863013697,
    "ochiai": 2.6164383561643834,
    "gp13": 2.6301369863013697,
    "op2": 2.5753424657534247,
    "jaccard": 2.6164383561643834,
    "russell": 4.917808219178082,
    "turantula": 2.589041095890411,
    "naish1": 7.36986301369863,
    "binary": 17.28767123287671,
    "crosstab": 9.356164383561644,
    "dstar2": 2.6301369863013697
  }
}