{
  "pred_MFR_randomForestModel.json": {
    "dstar": 10.090909090909092,
    "ochiai": 10.045454545454545,
    "gp13": 10.181818181818182,
    "op2": 9.681818181818182,
    "jaccard": 10.0,
    "russell": 13.727272727272727,
    "turantula": 10.0,
    "naish1": 20.954545454545453,
    "binary": 42.5,
    "crosstab": 21.636363636363637,
    "dstar2": 10.0
  }
}