{
  "pred_MAR_randomForestModel.json": {
    "dstar": 7.833333333333333,
    "ochiai": 7.754901960784313,
    "gp13": 8.049019607843135,
    "op2": 7.431372549019607,
    "jaccard": 7.754901960784313,
    "russell": 8.725490196078432,
    "turantula": 7.617647058823529,
    "naish1": 15.382352941176471,
    "binary": 24.3921568627451,
    "crosstab": 16.34313725490196,
    "dstar2": 7.774509803921568
  }
}