{
  "pred_MAR_randomForestModel.json": {
    "dstar": 6.633333333333334,
    "ochiai": 6.5,
    "gp13": 6.973333333333333,
    "op2": 5.913333333333334,
    "jaccard": 6.46,
    "russell": 11.153333333333332,
    "turantula": 6.4,
    "naish1": 11.506666666666666,
    "binary": 31.193333333333335,
    "crosstab": 18.87333333333333,
    "dstar2": 6.513333333333334
  }
}