{
  "pred_MAR_randomForestModel.json": {
    "dstar": 5.82051282051282,
    "ochiai": 5.833333333333333,
    "gp13": 5.871794871794871,
    "op2": 5.123931623931624,
    "jaccard": 5.833333333333333,
    "russell": 6.897435897435898,
    "turantula": 6.166666666666667,
    "naish1": 7.987179487179487,
    "binary": 36.11538461538461,
    "crosstab": 23.188034188034187,
    "dstar2": 5.833333333333333
  }
}