{
  "pred_MAR_randomForestModel.json": {
    "dstar": 5.240639269406393,
    "ochiai": 5.210502283105023,
    "gp13": 5.247488584474886,
    "op2": 4.650456621004566,
    "jaccard": 5.231050228310503,
    "russell": 7.207077625570775,
    "turantula": 5.274885844748859,
    "naish1": 8.986301369863014,
    "binary": 17.54794520547945,
    "crosstab": 10.271689497716894,
    "dstar2": 5.224200913242009
  }
}