{
  "pred_MAR_randomForestModel.json": {
    "dstar": 14.520454545454545,
    "ochiai": 14.548863636363636,
    "gp13": 14.506818181818181,
    "op2": 12.15,
    "jaccard": 14.520454545454545,
    "russell": 18.001136363636363,
    "turantula": 14.582954545454545,
    "naish1": 23.431818181818183,
    "binary": 42.27272727272727,
    "crosstab": 22.629545454545454,
    "dstar2": 14.526136363636363
  }
}