{
  "mbfl.json": {
    "dstar": 7.714383561643835,
    "ochiai": 3.9700913242009133,
    "gp13": 3.9837899543378996,
    "op2": 3.741780821917808,
    "jaccard": 3.9700913242009133,
    "russell": 6.035844748858447,
    "turantula": 3.964611872146118,
    "naish1": 8.003424657534246,
    "binary": 17.29041095890411,
    "crosstab": 10.998630136986302
  },
  "sbfl.json": {
    "dstar": 5.34337899543379,
    "ochiai": 5.331963470319635,
    "gp13": 5.377625570776256,
    "op2": 4.819406392694065,
    "jaccard": 5.3273972602739725,
    "russell": 8.761187214611871,
    "turantula": 5.368493150684931,
    "naish1": 10.948858447488584,
    "binary": 25.622602739726027,
    "crosstab": 9.731050228310503
  },
  "hmer.json": {
    "dstar": 1.0061643835616438,
    "ochiai": 0.8486301369863014,
    "gp13": 0.8623287671232878,
    "op2": 0.834931506849315,
    "jaccard": 0.8486301369863014,
    "russell": 1.7047945205479453,
    "turantula": 0.839041095890411,
    "naish1": 1.2143835616438357,
    "binary": 2.271232876712329,
    "crosstab": 1.8527397260273972,
    "dstar2": 1.0061643835616438
  }
}