{
  "selective.json": {
    "dstar": 9.355681818181818,
    "ochiai": 7.321590909090909,
    "gp13": 7.1284090909090905,
    "op2": 5.4772727272727275,
    "jaccard": 7.321590909090909,
    "russell": 9.679545454545455,
    "turantula": 7.327272727272727,
    "naish1": 9.810227272727273,
    "binary": 30.5,
    "crosstab": 18.12727272727273,
    "dstar2": 9.332954545454545
  },
  "hmer.json": {
    "dstar": 2.8125,
    "ochiai": 2.3125,
    "gp13": 2.3125,
    "op2": 1.9602272727272727,
    "jaccard": 2.3125,
    "russell": 4.0852272727272725,
    "turantula": 2.3125,
    "naish1": 2.3125,
    "binary": 4.369318181818182,
    "crosstab": 4.596590909090909,
    "dstar2": 2.8125
  }
}