{
  "pred_MFR_randomForestModel.json": {
    "dstar": 6.176470588235294,
    "ochiai": 6.117647058823529,
    "gp13": 6.470588235294118,
    "op2": 6.117647058823529,
    "jaccard": 6.117647058823529,
    "russell": 7.0,
    "turantula": 6.235294117647059,
    "naish1": 14.705882352941176,
    "binary": 24.41176470588235,
    "crosstab": 15.294117647058824,
    "dstar2": 6.176470588235294
  }
}