{
  "pred_MFR_randomForestModel.json": {
    "dstar": 2.4358974358974357,
    "ochiai": 2.641025641025641,
    "gp13": 2.4358974358974357,
    "op2": 2.2051282051282053,
    "jaccard": 2.641025641025641,
    "russell": 3.4871794871794872,
    "turantula": 2.641025641025641,
    "naish1": 3.230769230769231,
    "binary": 34.38461538461539,
    "crosstab": 23.512820512820515,
    "dstar2": 2.5128205128205128
  }
}