{
  "pred_MFR_randomForestModel.json": {
    "dstar": 4.589041095890411,
    "ochiai": 4.602739726027397,
    "gp13": 4.602739726027397,
    "op2": 3.780821917808219,
    "jaccard": 4.6438356164383565,
    "russell": 6.5479452054794525,
    "turantula": 4.698630136986301,
    "naish1": 9.945205479452055,
    "binary": 17.232876712328768,
    "crosstab": 8.794520547945206,
    "dstar2": 4.602739726027397
  }
}