{
  "pred_MFR_randomForestModel.json": {
    "dstar": 15.272727272727273,
    "ochiai": 15.227272727272727,
    "gp13": 15.409090909090908,
    "op2": 13.318181818181818,
    "jaccard": 15.409090909090908,
    "russell": 17.09090909090909,
    "turantula": 15.272727272727273,
    "naish1": 31.5,
    "binary": 42.90909090909091,
    "crosstab": 22.136363636363637,
    "dstar2": 15.272727272727273
  }
}