{
  "mbfl.json": {
    "dstar": 9.558823529411764,
    "ochiai": 6.892156862745098,
    "gp13": 7.088235294117647,
    "op2": 6.705882352941177,
    "jaccard": 6.892156862745098,
    "russell": 7.950980392156864,
    "turantula": 7.0,
    "naish1": 10.058823529411764,
    "binary": 23.96078431372549,
    "crosstab": 18.77450980392157
  },
  "sbfl.json": {
    "dstar": 3.1372549019607843,
    "ochiai": 2.9705882352941178,
    "gp13": 3.196078431372549,
    "op2": 3.196078431372549,
    "jaccard": 2.950980392156863,
    "russell": 5.862745098039216,
    "turantula": 2.9411764705882355,
    "naish1": 8.862745098039216,
    "binary": 36.411764705882355,
    "crosstab": 12.558823529411764
  },
  "hmer.json": {
    "dstar": 0.18627450980392157,
    "ochiai": 0.18627450980392157,
    "gp13": 0.18627450980392157,
    "op2": 0.18627450980392157,
    "jaccard": 0.18627450980392157,
    "russell": 0.21568627450980393,
    "turantula": 0.18627450980392157,
    "naish1": 0.23529411764705882,
    "binary": 0.11764705882352941,
    "crosstab": 0.18627450980392157,
    "dstar2": 0.18627450980392157
  }
}