{
  "selective.json": {
    "dstar": 9.355681818181818,
    "ochiai": 7.321590909090909,
    "gp13": 7.1284090909090905,
    "op2": 5.4772727272727275,
    "jaccard": 7.321590909090909,
    "russell": 9.679545454545455,
    "turantula": 7.327272727272727,
    "naish1": 9.810227272727273,
    "binary": 30.5,
    "crosstab": 18.12727272727273,
    "dstar2": 9.332954545454545
  },
  "hmer.json": {
    "dstar": 0.2727272727272727,
    "ochiai": 0.2727272727272727,
    "gp13": 0.2727272727272727,
    "op2": 0.2727272727272727,
    "jaccard": 0.2727272727272727,
    "russell": 0.2727272727272727,
    "turantula": 0.2727272727272727,
    "naish1": 0.2727272727272727,
    "binary": 0.22727272727272727,
    "crosstab": 0.36363636363636365,
    "dstar2": 0.2727272727272727
  }
}