{
  "pred_MAR_randomForestModel.json": {
    "dstar": 9.901960784313724,
    "ochiai": 9.745098039215685,
    "gp13": 10.0,
    "op2": 9.049019607843135,
    "jaccard": 9.745098039215685,
    "russell": 10.333333333333332,
    "turantula": 9.72549019607843,
    "naish1": 16.08823529411765,
    "binary": 24.470588235294116,
    "crosstab": 16.882352941176467,
    "dstar2": 9.823529411764707
  }
}