{
  "pred_MAR_randomForestModel.json": {
    "dstar": 12.953333333333335,
    "ochiai": 13.093333333333335,
    "gp13": 12.813333333333334,
    "op2": 10.853333333333335,
    "jaccard": 13.053333333333335,
    "russell": 14.193333333333333,
    "turantula": 13.013333333333335,
    "naish1": 19.246666666666666,
    "binary": 31.4,
    "crosstab": 19.38,
    "dstar2": 13.033333333333335
  }
}