{
  "pred_MAR_randomForestModel.json": {
    "dstar": 12.256410256410257,
    "ochiai": 12.307692307692308,
    "gp13": 12.346153846153847,
    "op2": 10.961538461538462,
    "jaccard": 12.333333333333334,
    "russell": 12.807692307692308,
    "turantula": 12.58974358974359,
    "naish1": 14.423076923076923,
    "binary": 36.01282051282051,
    "crosstab": 24.794871794871796,
    "dstar2": 12.307692307692308
  }
}