{
  "pred_MAR_randomForestModel.json": {
    "dstar": 6.76689497716895,
    "ochiai": 6.739497716894977,
    "gp13": 6.76689497716895,
    "op2": 5.4495433789954335,
    "jaccard": 6.75730593607306,
    "russell": 8.473059360730593,
    "turantula": 6.816210045662101,
    "naish1": 10.544520547945206,
    "binary": 17.561643835616437,
    "crosstab": 10.160502283105023,
    "dstar2": 6.732648401826484
  }
}