{
  "pred_MAR_randomForestModel.json": {
    "dstar": 17.482954545454547,
    "ochiai": 17.744318181818183,
    "gp13": 17.482954545454547,
    "op2": 14.701136363636364,
    "jaccard": 17.647727272727273,
    "russell": 19.585227272727273,
    "turantula": 17.613636363636363,
    "naish1": 27.522727272727273,
    "binary": 44.22727272727273,
    "crosstab": 27.99090909090909,
    "dstar2": 17.613636363636363
  }
}