{
  "pred_MFR_randomForestModel.json": {
    "dstar": 6.235294117647059,
    "ochiai": 6.176470588235294,
    "gp13": 6.529411764705882,
    "op2": 5.882352941176471,
    "jaccard": 6.176470588235294,
    "russell": 7.117647058823529,
    "turantula": 6.352941176470588,
    "naish1": 13.352941176470589,
    "binary": 24.11764705882353,
    "crosstab": 15.117647058823529,
    "dstar2": 6.235294117647059
  }
}