{
  "pred_MFR_randomForestModel.json": {
    "dstar": 1.8421052631578947,
    "ochiai": 1.8421052631578947,
    "gp13": 1.8421052631578947,
    "op2": 1.763157894736842,
    "jaccard": 1.8421052631578947,
    "russell": 3.1578947368421053,
    "turantula": 2.0789473684210527,
    "naish1": 2.6578947368421053,
    "binary": 35.36842105263158,
    "crosstab": 22.31578947368421,
    "dstar2": 1.8421052631578947
  }
}