{
  "pred_MFR_randomForestModel.json": {
    "dstar": 2.6575342465753424,
    "ochiai": 2.6575342465753424,
    "gp13": 2.6575342465753424,
    "op2": 2.5753424657534247,
    "jaccard": 2.6575342465753424,
    "russell": 4.904109589041096,
    "turantula": 2.6575342465753424,
    "naish1": 7.383561643835616,
    "binary": 17.315068493150687,
    "crosstab": 9.068493150684931,
    "dstar2": 2.6575342465753424
  }
}