{
  "pred_MFR_randomForestModel.json": {
    "dstar": 10.045454545454545,
    "ochiai": 10.0,
    "gp13": 10.045454545454545,
    "op2": 9.545454545454545,
    "jaccard": 9.954545454545455,
    "russell": 13.590909090909092,
    "turantula": 9.909090909090908,
    "naish1": 22.272727272727273,
    "binary": 42.59090909090909,
    "crosstab": 21.772727272727273,
    "dstar2": 10.0
  }
}