{
  "pred_MFR_randomForestModel.json": {
    "dstar": 8.941176470588236,
    "ochiai": 8.823529411764707,
    "gp13": 9.176470588235293,
    "op2": 8.647058823529411,
    "jaccard": 8.882352941176471,
    "russell": 9.882352941176471,
    "turantula": 9.0,
    "naish1": 17.470588235294116,
    "binary": 24.647058823529413,
    "crosstab": 15.176470588235293,
    "dstar2": 8.941176470588236
  }
}