{
  "pred_MFR_randomForestModel.json": {
    "dstar": 3.0,
    "ochiai": 3.0256410256410255,
    "gp13": 3.0,
    "op2": 2.6153846153846154,
    "jaccard": 3.0256410256410255,
    "russell": 4.102564102564102,
    "turantula": 3.2564102564102564,
    "naish1": 3.7948717948717947,
    "binary": 34.333333333333336,
    "crosstab": 23.102564102564102,
    "dstar2": 3.0
  }
}