{
  "pred_MFR_randomForestModel.json": {
    "dstar": 3.6301369863013697,
    "ochiai": 3.6164383561643834,
    "gp13": 3.6301369863013697,
    "op2": 3.1506849315068495,
    "jaccard": 3.6164383561643834,
    "russell": 5.931506849315069,
    "turantula": 3.6575342465753424,
    "naish1": 8.41095890410959,
    "binary": 17.28767123287671,
    "crosstab": 9.26027397260274,
    "dstar2": 3.6164383561643834
  }
}