{
  "pred_MFR_randomForestModel.json": {
    "dstar": 9.863636363636363,
    "ochiai": 9.954545454545455,
    "gp13": 10.090909090909092,
    "op2": 9.636363636363637,
    "jaccard": 9.863636363636363,
    "russell": 13.409090909090908,
    "turantula": 10.045454545454545,
    "naish1": 25.09090909090909,
    "binary": 42.22727272727273,
    "crosstab": 20.681818181818183,
    "dstar2": 9.863636363636363
  }
}