{
  "mbfl.json": {
    "dstar": 9.558823529411764,
    "ochiai": 6.892156862745098,
    "gp13": 7.088235294117647,
    "op2": 6.705882352941177,
    "jaccard": 6.892156862745098,
    "russell": 7.950980392156864,
    "turantula": 7.0,
    "naish1": 10.058823529411764,
    "binary": 23.96078431372549,
    "crosstab": 18.77450980392157
  },
  "sbfl.json": {
    "dstar": 3.1372549019607843,
    "ochiai": 2.9705882352941178,
    "gp13": 3.196078431372549,
    "op2": 3.196078431372549,
    "jaccard": 2.950980392156863,
    "russell": 5.862745098039216,
    "turantula": 2.9411764705882355,
    "naish1": 8.862745098039216,
    "binary": 36.411764705882355,
    "crosstab": 12.558823529411764
  },
  "hmer.json": {
    "dstar": 0.627450980392157,
    "ochiai": 0.5980392156862746,
    "gp13": 0.5980392156862746,
    "op2": 0.5980392156862746,
    "jaccard": 0.5980392156862746,
    "russell": 0.6862745098039217,
    "turantula": 0.5980392156862746,
    "naish1": 0.6470588235294118,
    "binary": 0.7058823529411765,
    "crosstab": 0.892156862745098,
    "dstar2": 0.627450980392157
  },
  "selective.json": {
    "dstar": 1.303921568627451,
    "ochiai": 1.284313725490196,
    "gp13": 1.303921568627451,
    "op2": 0.892156862745098,
    "jaccard": 1.284313725490196,
    "russell": 1.3725490196078431,
    "turantula": 1.2450980392156863,
    "naish1": 3.7058823529411766,
    "binary": 3.960784313725491,
    "crosstab": 1.5980392156862746,
    "dstar2": 1.303921568627451
  }
}