{
  "mbfl.json": {
    "dstar": 7.714383561643835,
    "ochiai": 3.9700913242009133,
    "gp13": 3.9837899543378996,
    "op2": 3.741780821917808,
    "jaccard": 3.9700913242009133,
    "russell": 6.035844748858447,
    "turantula": 3.964611872146118,
    "naish1": 8.003424657534246,
    "binary": 17.29041095890411,
    "crosstab": 10.998630136986302
  },
  "sbfl.json": {
    "dstar": 5.34337899543379,
    "ochiai": 5.331963470319635,
    "gp13": 5.377625570776256,
    "op2": 4.819406392694065,
    "jaccard": 5.3273972602739725,
    "russell": 8.761187214611871,
    "turantula": 5.368493150684931,
    "naish1": 10.948858447488584,
    "binary": 25.622602739726027,
    "crosstab": 9.731050228310503
  },
  "hmer.json": {
    "dstar": 1.0746575342465754,
    "ochiai": 0.8691780821917808,
    "gp13": 0.8828767123287672,
    "op2": 0.8554794520547946,
    "jaccard": 0.8691780821917808,
    "russell": 1.691095890410959,
    "turantula": 0.8595890410958904,
    "naish1": 1.2349315068493152,
    "binary": 2.2986301369863016,
    "crosstab": 1.8390410958904109,
    "dstar2": 1.0746575342465754
  },
  "selective.json": {
    "dstar": 0.7682648401826484,
    "ochiai": 0.4531963470319635,
    "gp13": 0.4531963470319635,
    "op2": 0.23858447488584472,
    "jaccard": 0.4531963470319635,
    "russell": 0.7477168949771689,
    "turantula": 0.4531963470319635,
    "naish1": 0.4531963470319635,
    "binary": 2.363470319634703,
    "crosstab": 1.6118721461187215,
    "dstar2": 0.7682648401826484
  }
}