{
  "selective.json": {
    "dstar": 4.763636363636364,
    "ochiai": 4.240909090909091,
    "gp13": 4.263636363636364,
    "op2": 3.590909090909091,
    "jaccard": 4.240909090909091,
    "russell": 5.172727272727273,
    "turantula": 4.240909090909091,
    "naish1": 5.513636363636364,
    "binary": 10.590909090909092,
    "crosstab": 7.213636363636363,
    "dstar2": 4.740909090909091
  },
  "hmer.json": {
    "dstar": 2.9545454545454546,
    "ochiai": 2.1818181818181817,
    "gp13": 2.1818181818181817,
    "op2": 1.9090909090909092,
    "jaccard": 2.1818181818181817,
    "russell": 4.181818181818182,
    "turantula": 2.1818181818181817,
    "naish1": 2.1818181818181817,
    "binary": 4.681818181818182,
    "crosstab": 4.954545454545454,
    "dstar2": 2.9545454545454546
  }
}