{
  "pred_MFR_randomForestModel.json": {
    "dstar": 10.529411764705882,
    "ochiai": 10.352941176470589,
    "gp13": 10.705882352941176,
    "op2": 9.882352941176471,
    "jaccard": 10.352941176470589,
    "russell": 11.058823529411764,
    "turantula": 10.294117647058824,
    "naish1": 18.941176470588236,
    "binary": 24.823529411764707,
    "crosstab": 15.352941176470589,
    "dstar2": 10.470588235294118
  }
}