{
  "pred_MFR_randomForestModel.json": {
    "dstar": 2.8461538461538463,
    "ochiai": 2.871794871794872,
    "gp13": 2.8461538461538463,
    "op2": 2.6153846153846154,
    "jaccard": 2.871794871794872,
    "russell": 3.717948717948718,
    "turantula": 3.128205128205128,
    "naish1": 3.6666666666666665,
    "binary": 34.41025641025641,
    "crosstab": 23.487179487179485,
    "dstar2": 2.8461538461538463
  }
}