{
  "pred_MFR_randomForestModel.json": {
    "dstar": 3.9315068493150687,
    "ochiai": 3.9315068493150687,
    "gp13": 3.9315068493150687,
    "op2": 3.3424657534246576,
    "jaccard": 3.904109589041096,
    "russell": 5.931506849315069,
    "turantula": 3.9863013698630136,
    "naish1": 8.068493150684931,
    "binary": 17.205479452054796,
    "crosstab": 9.479452054794521,
    "dstar2": 3.9315068493150687
  }
}