{
  "pred_MFR_randomForestModel.json": {
    "dstar": 9.409090909090908,
    "ochiai": 9.5,
    "gp13": 9.454545454545455,
    "op2": 8.954545454545455,
    "jaccard": 9.5,
    "russell": 11.772727272727273,
    "turantula": 9.727272727272727,
    "naish1": 23.818181818181817,
    "binary": 43.86363636363637,
    "crosstab": 21.727272727272727,
    "dstar2": 9.409090909090908
  }
}