{
  "pred_MAR_randomForestModel.json": {
    "dstar": 7.117647058823529,
    "ochiai": 7.098039215686275,
    "gp13": 7.352941176470588,
    "op2": 6.794117647058823,
    "jaccard": 7.098039215686275,
    "russell": 8.049019607843137,
    "turantula": 7.029411764705882,
    "naish1": 14.764705882352942,
    "binary": 24.294117647058822,
    "crosstab": 16.18627450980392,
    "dstar2": 7.117647058823529
  }
}