{
  "pred_MAR_randomForestModel.json": {
    "dstar": 6.373333333333334,
    "ochiai": 6.366666666666666,
    "gp13": 6.633333333333333,
    "op2": 5.613333333333333,
    "jaccard": 6.346666666666667,
    "russell": 11.273333333333333,
    "turantula": 6.3533333333333335,
    "naish1": 8.986666666666668,
    "binary": 31.053333333333335,
    "crosstab": 19.253333333333334,
    "dstar2": 6.346666666666667
  }
}