{
  "pred_MAR_randomForestModel.json": {
    "dstar": 5.82051282051282,
    "ochiai": 5.794871794871795,
    "gp13": 5.8076923076923075,
    "op2": 5.02991452991453,
    "jaccard": 5.8076923076923075,
    "russell": 7.0256410256410255,
    "turantula": 6.102564102564102,
    "naish1": 6.769230769230769,
    "binary": 36.19230769230769,
    "crosstab": 23.46153846153846,
    "dstar2": 5.82051282051282
  }
}