{
  "pred_MAR_randomForestModel.json": {
    "dstar": 3.994063926940639,
    "ochiai": 3.9735159817351597,
    "gp13": 3.994063926940639,
    "op2": 3.708675799086758,
    "jaccard": 3.994063926940639,
    "russell": 5.981050228310502,
    "turantula": 4.007762557077625,
    "naish1": 8.486301369863014,
    "binary": 17.63013698630137,
    "crosstab": 9.648401826484017,
    "dstar2": 3.994063926940639
  }
}