{
  "pred_MAR_randomForestModel.json": {
    "dstar": 14.386363636363637,
    "ochiai": 14.289772727272727,
    "gp13": 14.365909090909092,
    "op2": 12.255681818181818,
    "jaccard": 14.284090909090908,
    "russell": 17.623863636363637,
    "turantula": 14.289772727272727,
    "naish1": 23.34090909090909,
    "binary": 42.77272727272727,
    "crosstab": 24.088636363636365,
    "dstar2": 14.357954545454545
  }
}